joints LThigh 0.10307200 0.12251400 0.09272000
joints Loc_Head 0.00000009 0.22512200 0.37992500
joints RThigh -0.10307200 0.12251400 0.09272000
joints Waist 0.00000000 0.16256100 0.20476300
joints LForeArm 0.10606400 0.04766370 0.32325900
joints RLeg -0.11520700 0.04915810 0.09053500
joints Jaw 0.00000006 0.12081900 0.36857900
joints RFoot -0.12261300 0.00742091 0.07775800
joints RArm -0.08249230 0.11135700 0.30388110
joints Head 0.00000006 0.16960700 0.33632800
joints RForeArm -0.10606400 0.04766390 0.32325900
joints LFoot 0.12238900 0.00741928 0.07784200
joints Tail5 -0.00000027 0.24632700 -0.30084500
joints Spine2 0.00000003 0.16256100 0.24138260
joints LLeg 0.11520700 0.04915790 0.09053500
joints Tail1 -0.00000008 0.15437500 0.03562300
joints Loc_Mouth 0.00000009 0.11123400 0.48725000
joints RHand -0.11999100 0.01076840 0.33874000
joints Tail3 -0.00000016 0.18677500 -0.09791300
joints LHand 0.11999100 0.01076830 0.33874000
joints LArm 0.08249240 0.11135700 0.30388100
root Waist
skin 0 Head 1.0000 
skin 1 Head 1.0000 
skin 2 Head 1.0000 
skin 3 Head 1.0000 
skin 4 Head 1.0000 
skin 5 Head 1.0000 
skin 6 Head 1.0000 
skin 7 Head 1.0000 
skin 8 Head 0.9900 Jaw 0.0100 
skin 9 Head 0.6100 Jaw 0.3900 
skin 10 Head 0.8400 Jaw 0.1600 
skin 11 Head 0.2000 Jaw 0.8000 
skin 12 Head 0.3700 Jaw 0.6300 
skin 13 Head 0.8200 Jaw 0.1800 
skin 14 Head 1.0000 
skin 15 Head 0.8200 Jaw 0.1800 
skin 16 Head 0.4500 Jaw 0.5500 
skin 17 Head 0.8200 Jaw 0.1800 
skin 18 Head 1.0000 
skin 19 Head 1.0000 
skin 20 Head 1.0000 
skin 21 Head 1.0000 
skin 22 Head 1.0000 
skin 23 Head 1.0000 
skin 24 Head 0.9900 Jaw 0.0100 
skin 25 Head 0.6100 Jaw 0.3900 
skin 26 Head 0.2000 Jaw 0.8000 
skin 27 Head 0.3700 Jaw 0.6300 
skin 28 RThigh 0.0600 RLeg 0.4800 RFoot 0.4600 
skin 29 Waist 0.0400 RThigh 0.3700 RLeg 0.5900 
skin 30 RThigh 0.0600 RLeg 0.4700 RFoot 0.4700 
skin 31 Waist 0.0400 RThigh 0.3700 RLeg 0.5900 
skin 32 Waist 0.1400 RThigh 0.6100 RLeg 0.2500 
skin 33 Waist 0.1300 RThigh 0.5100 RLeg 0.3600 
skin 34 Waist 0.4600 RThigh 0.5200 RLeg 0.0200 
skin 35 Waist 0.4100 RThigh 0.5300 RLeg 0.0600 
skin 36 Waist 0.1500 RThigh 0.4800 RLeg 0.3700 
skin 37 Waist 0.0400 RThigh 0.4000 RLeg 0.5600 
skin 38 RThigh 0.0400 RLeg 0.4100 RFoot 0.5500 
skin 39 Waist 0.6500 RThigh 0.3400 RLeg 0.0100 
skin 40 Waist 0.2800 RThigh 0.5000 RLeg 0.2200 
skin 41 Waist 0.1600 RThigh 0.5000 RLeg 0.3400 
skin 42 Waist 0.0600 RThigh 0.4100 RLeg 0.5300 
skin 43 RThigh 0.0200 RLeg 0.2300 RFoot 0.7500 
skin 44 RThigh 0.0200 RLeg 0.2200 RFoot 0.7600 
skin 45 RThigh 0.0100 RLeg 0.1200 RFoot 0.8700 
skin 46 Waist 0.3500 RThigh 0.5300 RLeg 0.1200 
skin 47 Waist 0.6900 RThigh 0.3100 
skin 48 RLeg 0.0100 RFoot 0.9900 
skin 49 Waist 0.1400 RThigh 0.4900 RLeg 0.3700 
skin 50 Waist 0.0500 RThigh 0.4000 RLeg 0.5500 
skin 51 Waist 0.1000 RThigh 0.4800 RLeg 0.4200 
skin 52 Waist 0.2700 RThigh 0.5000 RLeg 0.2300 
skin 53 Waist 0.0300 RThigh 0.3500 RLeg 0.6200 
skin 54 RThigh 0.0600 RLeg 0.4800 RFoot 0.4600 
skin 55 RThigh 0.0100 RLeg 0.1500 RFoot 0.8400 
skin 56 RLeg 0.0200 RFoot 0.9800 
skin 57 RThigh 0.0500 RLeg 0.4900 RFoot 0.4600 
skin 58 Waist 0.5900 RThigh 0.3800 RLeg 0.0300 
skin 59 RThigh 0.0100 RLeg 0.0100 RFoot 0.9800 
skin 60 RLeg 0.0200 RFoot 0.9800 
skin 61 RThigh 0.0500 RLeg 0.4900 RFoot 0.4600 
skin 62 RLeg 0.0400 RFoot 0.9600 
skin 63 Waist 0.0300 RThigh 0.3700 RLeg 0.6000 
skin 64 Waist 0.1100 RThigh 0.5000 RLeg 0.3900 
skin 65 Waist 0.0400 RThigh 0.3800 RLeg 0.5800 
skin 66 Waist 0.1200 RThigh 0.5200 RLeg 0.3600 
skin 67 Waist 0.6300 RThigh 0.3300 RLeg 0.0100 Tail1 0.0300 
skin 68 Waist 0.5000 RThigh 0.4600 RLeg 0.0400 
skin 69 Waist 0.5700 RThigh 0.4100 RLeg 0.0200 
skin 70 Waist 0.7600 Spine2 0.0100 RThigh 0.2300 
skin 71 Waist 0.6700 RThigh 0.2800 Tail1 0.0500 
skin 72 Waist 0.5700 RThigh 0.4200 Tail1 0.0100 
skin 73 Waist 0.6300 RThigh 0.3700 
skin 74 Waist 0.8200 RThigh 0.1800 
skin 75 Waist 0.8200 Spine2 0.0100 RThigh 0.1700 
skin 76 RLeg 0.0400 RFoot 0.9600 
skin 77 LThigh 0.0600 LLeg 0.4800 LFoot 0.4600 
skin 78 LThigh 0.0600 LLeg 0.4700 LFoot 0.4700 
skin 79 Waist 0.0400 LThigh 0.3700 LLeg 0.5900 
skin 80 Waist 0.0400 LThigh 0.3700 LLeg 0.5900 
skin 81 Waist 0.1400 LThigh 0.6100 LLeg 0.2500 
skin 82 Waist 0.1300 LThigh 0.5100 LLeg 0.3600 
skin 83 Waist 0.4600 LThigh 0.5200 LLeg 0.0200 
skin 84 Waist 0.4100 LThigh 0.5300 LLeg 0.0600 
skin 85 Waist 0.1500 LThigh 0.4800 LLeg 0.3700 
skin 86 Waist 0.0400 LThigh 0.4000 LLeg 0.5600 
skin 87 LThigh 0.0400 LLeg 0.4100 LFoot 0.5500 
skin 88 LLeg 0.0100 LFoot 0.9900 
skin 89 Waist 0.6500 LThigh 0.3400 LLeg 0.0100 
skin 90 Waist 0.2800 LThigh 0.5000 LLeg 0.2200 
skin 91 Waist 0.1600 LThigh 0.5000 LLeg 0.3400 
skin 92 Waist 0.0600 LThigh 0.4100 LLeg 0.5300 
skin 93 LThigh 0.0200 LLeg 0.2300 LFoot 0.7500 
skin 94 LThigh 0.0200 LLeg 0.2200 LFoot 0.7600 
skin 95 LThigh 0.0100 LLeg 0.1200 LFoot 0.8700 
skin 96 Waist 0.3500 LThigh 0.5300 LLeg 0.1200 
skin 97 Waist 0.6900 LThigh 0.3100 
skin 98 Waist 0.1400 LThigh 0.4900 LLeg 0.3700 
skin 99 Waist 0.0500 LThigh 0.4000 LLeg 0.5500 
skin 100 Waist 0.1000 LThigh 0.4800 LLeg 0.4200 
skin 101 Waist 0.2700 LThigh 0.5000 LLeg 0.2300 
skin 102 Waist 0.0300 LThigh 0.3500 LLeg 0.6200 
skin 103 LThigh 0.0600 LLeg 0.4800 LFoot 0.4600 
skin 104 LThigh 0.0100 LLeg 0.1500 LFoot 0.8400 
skin 105 LLeg 0.0200 LFoot 0.9800 
skin 106 LThigh 0.0500 LLeg 0.4900 LFoot 0.4600 
skin 107 LLeg 0.0400 LFoot 0.9600 
skin 108 Waist 0.5900 LThigh 0.3800 LLeg 0.0300 
skin 109 LThigh 0.0100 LLeg 0.0100 LFoot 0.9800 
skin 110 LLeg 0.0200 LFoot 0.9800 
skin 111 LThigh 0.0500 LLeg 0.4900 LFoot 0.4600 
skin 112 Waist 0.0300 LThigh 0.3700 LLeg 0.6000 
skin 113 Waist 0.1100 LThigh 0.5000 LLeg 0.3900 
skin 114 Waist 0.0400 LThigh 0.3800 LLeg 0.5800 
skin 115 Waist 0.1200 LThigh 0.5200 LLeg 0.3600 
skin 116 Waist 0.6300 LThigh 0.3300 LLeg 0.0100 Tail1 0.0300 
skin 117 Waist 0.5000 LThigh 0.4600 LLeg 0.0400 
skin 118 Waist 0.5700 LThigh 0.4100 LLeg 0.0200 
skin 119 Waist 0.7600 Spine2 0.0100 LThigh 0.2300 
skin 120 Waist 0.6700 LThigh 0.2800 Tail1 0.0500 
skin 121 Waist 0.5700 LThigh 0.4200 Tail1 0.0100 
skin 122 Waist 0.6300 LThigh 0.3700 
skin 123 Waist 0.8200 LThigh 0.1800 
skin 124 Waist 0.8200 Spine2 0.0100 LThigh 0.1700 
skin 125 LLeg 0.0400 LFoot 0.9600 
skin 126 Waist 0.1000 Tail1 0.7700 Tail3 0.1300 
skin 127 Waist 0.0300 Tail1 0.6700 Tail3 0.3000 
skin 128 Waist 0.1000 Tail1 0.7700 Tail3 0.1300 
skin 129 Waist 0.1000 Tail1 0.7700 Tail3 0.1300 
skin 130 Waist 0.0300 Tail1 0.6700 Tail3 0.3000 
skin 131 Waist 0.0300 Tail1 0.6700 Tail3 0.3000 
skin 132 Waist 0.1300 Tail1 0.7700 Tail3 0.1000 
skin 133 Waist 0.0300 Tail1 0.6700 Tail3 0.3000 
skin 134 Waist 0.0300 Tail1 0.6700 Tail3 0.3000 
skin 135 Waist 0.1500 Tail1 0.7700 Tail3 0.0800 
skin 136 Waist 0.5900 Tail1 0.3600 Tail3 0.0500 
skin 137 Waist 0.6000 Tail1 0.4000 
skin 138 Waist 0.5400 Tail1 0.4100 Tail3 0.0500 
skin 139 Waist 0.4900 Tail1 0.4600 Tail3 0.0500 
skin 140 Waist 0.3900 Tail1 0.6000 Tail3 0.0100 
skin 141 Tail1 0.6000 Tail3 0.4000 
skin 142 Tail1 0.6000 Tail3 0.4000 
skin 143 Tail1 0.3500 Tail3 0.6500 
skin 144 Tail1 0.3500 Tail3 0.6500 
skin 145 Tail1 0.6000 Tail3 0.4000 
skin 146 Tail1 0.3500 Tail3 0.6500 
skin 147 Tail1 0.6000 Tail3 0.4000 
skin 148 Tail1 0.3500 Tail3 0.6500 
skin 149 Tail1 0.3500 Tail3 0.6500 
skin 150 Tail1 0.6000 Tail3 0.4000 
skin 151 Tail1 0.2000 Tail3 0.7200 Tail5 0.0800 
skin 152 Tail1 0.2000 Tail3 0.7200 Tail5 0.0800 
skin 153 Tail1 0.0800 Tail3 0.7200 Tail5 0.2000 
skin 154 Tail1 0.0800 Tail3 0.7200 Tail5 0.2000 
skin 155 Tail1 0.2000 Tail3 0.7200 Tail5 0.0800 
skin 156 Tail1 0.0800 Tail3 0.7200 Tail5 0.2000 
skin 157 Tail1 0.2000 Tail3 0.7200 Tail5 0.0800 
skin 158 Tail1 0.0800 Tail3 0.7200 Tail5 0.2000 
skin 159 Tail1 0.0800 Tail3 0.7200 Tail5 0.2000 
skin 160 Tail1 0.2000 Tail3 0.7200 Tail5 0.0800 
skin 161 Tail3 0.5000 Tail5 0.5000 
skin 162 Tail3 0.5000 Tail5 0.5000 
skin 163 Tail3 0.3000 Tail5 0.7000 
skin 164 Tail3 0.3000 Tail5 0.7000 
skin 165 Tail3 0.5000 Tail5 0.5000 
skin 166 Tail3 0.3000 Tail5 0.7000 
skin 167 Tail3 0.5000 Tail5 0.5000 
skin 168 Tail3 0.3000 Tail5 0.7000 
skin 169 Tail3 0.3000 Tail5 0.7000 
skin 170 Tail3 0.5000 Tail5 0.5000 
skin 171 Tail3 0.2000 Tail5 0.8000 
skin 172 Tail3 0.2000 Tail5 0.8000 
skin 173 Tail3 0.1000 Tail5 0.9000 
skin 174 Tail3 0.1000 Tail5 0.9000 
skin 175 Tail3 0.2000 Tail5 0.8000 
skin 176 Tail3 0.1000 Tail5 0.9000 
skin 177 Tail3 0.2000 Tail5 0.8000 
skin 178 Tail3 0.1000 Tail5 0.9000 
skin 179 Tail3 0.1000 Tail5 0.9000 
skin 180 Tail3 0.2000 Tail5 0.8000 
skin 181 Tail3 0.0100 Tail5 0.9900 
skin 182 Tail3 0.0100 Tail5 0.9900 
skin 183 Tail3 0.0100 Tail5 0.9900 
skin 184 Tail5 1.0000 
skin 185 Tail5 1.0000 
skin 186 Tail5 1.0000 
skin 187 Tail3 0.0100 Tail5 0.9900 
skin 188 Tail3 0.0100 Tail5 0.9900 
skin 189 Tail5 1.0000 
skin 190 Tail3 0.0100 Tail5 0.9900 
skin 191 Tail1 0.2000 Tail3 0.7200 Tail5 0.0800 
skin 192 Tail1 0.0800 Tail3 0.7200 Tail5 0.2000 
skin 193 Tail1 0.0800 Tail3 0.7200 Tail5 0.2000 
skin 194 Tail1 0.2000 Tail3 0.7200 Tail5 0.0800 
skin 195 Tail1 0.0800 Tail3 0.7200 Tail5 0.2000 
skin 196 Tail1 0.2000 Tail3 0.7200 Tail5 0.0800 
skin 197 Tail3 0.5000 Tail5 0.5000 
skin 198 Tail3 0.3000 Tail5 0.7000 
skin 199 Tail3 0.3000 Tail5 0.7000 
skin 200 Tail3 0.5000 Tail5 0.5000 
skin 201 Tail3 0.3000 Tail5 0.7000 
skin 202 Tail3 0.5000 Tail5 0.5000 
skin 203 Tail3 0.2000 Tail5 0.8000 
skin 204 Tail3 0.1000 Tail5 0.9000 
skin 205 Tail3 0.1000 Tail5 0.9000 
skin 206 Tail3 0.2000 Tail5 0.8000 
skin 207 Tail3 0.1000 Tail5 0.9000 
skin 208 Tail3 0.2000 Tail5 0.8000 
skin 209 Tail1 0.3500 Tail3 0.6500 
skin 210 Tail1 0.6000 Tail3 0.4000 
skin 211 Tail1 0.6000 Tail3 0.4000 
skin 212 Tail1 0.3500 Tail3 0.6500 
skin 213 Tail1 0.6000 Tail3 0.4000 
skin 214 Tail1 0.3500 Tail3 0.6500 
skin 215 Waist 0.0300 Tail1 0.6700 Tail3 0.3000 
skin 216 Waist 0.1000 Tail1 0.7700 Tail3 0.1300 
skin 217 Waist 0.1000 Tail1 0.7700 Tail3 0.1300 
skin 218 Waist 0.0300 Tail1 0.6700 Tail3 0.3000 
skin 219 Waist 0.1300 Tail1 0.7700 Tail3 0.1000 
skin 220 Waist 0.0300 Tail1 0.6700 Tail3 0.3000 
skin 221 Waist 0.5900 Tail1 0.3600 Tail3 0.0500 
skin 222 Waist 0.5400 Tail1 0.4100 Tail3 0.0500 
skin 223 Waist 0.4900 Tail1 0.4600 Tail3 0.0500 
skin 224 Head 0.1900 Jaw 0.8100 
skin 225 Head 0.0200 Jaw 0.9800 
skin 226 Head 0.1700 Jaw 0.8300 
skin 227 Head 0.0200 Jaw 0.9800 
skin 228 Jaw 1.0000 
skin 229 Jaw 1.0000 
skin 230 Head 0.0100 Jaw 0.9900 
skin 231 Head 0.0200 Jaw 0.9800 
skin 232 Head 0.1800 Jaw 0.8200 
skin 233 Head 0.6000 Jaw 0.4000 
skin 234 Head 0.5000 Jaw 0.5000 
skin 235 Head 0.1800 Jaw 0.8200 
skin 236 Head 0.0700 Jaw 0.9300 
skin 237 Head 0.0600 Jaw 0.9400 
skin 238 Spine2 0.0100 Head 0.2700 Jaw 0.7200 
skin 239 Head 0.6900 Jaw 0.3100 
skin 240 Spine2 0.0100 Head 0.6700 Jaw 0.3200 
skin 241 Spine2 0.0100 Head 0.1900 Jaw 0.8000 
skin 242 Spine2 0.0100 Head 0.2000 Jaw 0.7900 
skin 243 Head 0.0600 Jaw 0.9400 
skin 244 Jaw 1.0000 
skin 245 Head 0.0100 Jaw 0.9900 
skin 246 Head 0.1500 Jaw 0.8500 
skin 247 Jaw 1.0000 
skin 248 Jaw 1.0000 
skin 249 Head 0.8500 Jaw 0.1500 
skin 250 Head 0.8200 Jaw 0.1800 
skin 251 Jaw 1.0000 
skin 252 Head 0.0100 Jaw 0.9900 
skin 253 Head 0.0600 Jaw 0.9400 
skin 254 Spine2 0.0100 Head 0.1900 Jaw 0.8000 
skin 255 Head 0.0700 Jaw 0.9300 
skin 256 Head 0.0200 Jaw 0.9800 
skin 257 Head 0.1800 Jaw 0.8200 
skin 258 Head 0.1900 Jaw 0.8100 
skin 259 Head 0.0200 Jaw 0.9800 
skin 260 Head 0.1700 Jaw 0.8300 
skin 261 Head 0.0200 Jaw 0.9800 
skin 262 Jaw 1.0000 
skin 263 Jaw 1.0000 
skin 264 Head 0.0100 Jaw 0.9900 
skin 265 Head 0.6000 Jaw 0.4000 
skin 266 Head 0.5000 Jaw 0.5000 
skin 267 Head 0.1800 Jaw 0.8200 
skin 268 Spine2 0.0100 Head 0.2700 Jaw 0.7200 
skin 269 Head 0.6900 Jaw 0.3100 
skin 270 Spine2 0.0100 Head 0.6700 Jaw 0.3200 
skin 271 Jaw 1.0000 
skin 272 Head 0.0100 Jaw 0.9900 
skin 273 Head 0.1500 Jaw 0.8500 
skin 274 Head 0.8500 Jaw 0.1500 
skin 275 Head 0.8400 Jaw 0.1600 
skin 276 Head 0.8200 Jaw 0.1800 
skin 277 Head 0.9900 Jaw 0.0100 
skin 278 Head 1.0000 
skin 279 Head 1.0000 
skin 280 Head 1.0000 
skin 281 Head 1.0000 
skin 282 Head 1.0000 
skin 283 Head 1.0000 
skin 284 Head 1.0000 
skin 285 Head 1.0000 
skin 286 Head 1.0000 
skin 287 Head 1.0000 
skin 288 Head 1.0000 
skin 289 Head 1.0000 
skin 290 Head 1.0000 
skin 291 Head 1.0000 
skin 292 Head 1.0000 
skin 293 Head 1.0000 
skin 294 Head 1.0000 
skin 295 Head 1.0000 
skin 296 Head 1.0000 
skin 297 Head 1.0000 
skin 298 Head 1.0000 
skin 299 Head 1.0000 
skin 300 Head 1.0000 
skin 301 Head 1.0000 
skin 302 Head 1.0000 
skin 303 Head 0.9900 Jaw 0.0100 
skin 304 Head 0.9100 Jaw 0.0900 
skin 305 Head 0.9900 Jaw 0.0100 
skin 306 Head 0.9200 Jaw 0.0800 
skin 307 Head 1.0000 
skin 308 Head 1.0000 
skin 309 Head 1.0000 
skin 310 Head 1.0000 
skin 311 Head 1.0000 
skin 312 Head 1.0000 
skin 313 Head 1.0000 
skin 314 Head 1.0000 
skin 315 Head 1.0000 
skin 316 Head 1.0000 
skin 317 Head 1.0000 
skin 318 Head 1.0000 
skin 319 Head 1.0000 
skin 320 Head 1.0000 
skin 321 Head 1.0000 
skin 322 Head 1.0000 
skin 323 Head 1.0000 
skin 324 Head 1.0000 
skin 325 Head 1.0000 
skin 326 Head 1.0000 
skin 327 Head 1.0000 
skin 328 Head 1.0000 
skin 329 Head 1.0000 
skin 330 Head 1.0000 
skin 331 Head 0.9900 Jaw 0.0100 
skin 332 Head 1.0000 
skin 333 Head 1.0000 
skin 334 Head 1.0000 
skin 335 Head 1.0000 
skin 336 Head 1.0000 
skin 337 Head 1.0000 
skin 338 Head 1.0000 
skin 339 Head 1.0000 
skin 340 Head 0.9900 Jaw 0.0100 
skin 341 Head 0.9100 Jaw 0.0900 
skin 342 Head 0.9900 Jaw 0.0100 
skin 343 Head 0.9200 Jaw 0.0800 
skin 344 Head 1.0000 
skin 345 Head 1.0000 
skin 346 RArm 0.1000 RForeArm 0.5400 RHand 0.3600 
skin 347 Spine2 0.0600 RArm 0.4700 RForeArm 0.4700 
skin 348 Spine2 0.0600 RArm 0.4700 RForeArm 0.4700 
skin 349 RForeArm 0.1000 RHand 0.9000 
skin 350 RForeArm 0.0200 RHand 0.9800 
skin 351 Spine2 0.1700 RArm 0.5600 RForeArm 0.2700 
skin 352 Spine2 0.1800 RArm 0.5500 RForeArm 0.2700 
skin 353 Spine2 0.1500 RArm 0.5500 RForeArm 0.3000 
skin 354 Spine2 0.0500 RArm 0.4700 RForeArm 0.4800 
skin 355 Spine2 0.1000 RArm 0.5900 RForeArm 0.3100 
skin 356 Spine2 0.0100 RArm 0.4900 RForeArm 0.5000 
skin 357 RArm 0.1300 RForeArm 0.6200 RHand 0.2500 
skin 358 RArm 0.1300 RForeArm 0.6200 RHand 0.2500 
skin 359 RForeArm 0.1100 RHand 0.8900 
skin 360 RArm 0.1100 RForeArm 0.5600 RHand 0.3300 
skin 361 RForeArm 0.1000 RHand 0.9000 
skin 362 RForeArm 0.1100 RHand 0.8900 
skin 363 Waist 0.1200 Spine2 0.5600 RArm 0.3200 
skin 364 Waist 0.1100 Spine2 0.4900 RArm 0.4000 
skin 365 Spine2 0.0100 RArm 0.5100 RForeArm 0.4800 
skin 366 Spine2 0.1000 RArm 0.6100 RForeArm 0.2900 
skin 367 Spine2 0.6900 RArm 0.2800 RForeArm 0.0300 
skin 368 Spine2 0.1200 RArm 0.6000 RForeArm 0.2800 
skin 369 Spine2 0.0500 RArm 0.4800 RForeArm 0.4700 
skin 370 RForeArm 0.1400 RHand 0.8600 
skin 371 Spine2 0.0500 RArm 0.4800 RForeArm 0.4700 
skin 372 RForeArm 0.1400 RHand 0.8600 
skin 373 Spine2 0.1600 RArm 0.5600 RForeArm 0.2800 
skin 374 Spine2 0.0600 RArm 0.4700 RForeArm 0.4700 
skin 375 RForeArm 0.1100 RHand 0.8900 
skin 376 RForeArm 0.0200 RHand 0.9800 
skin 377 Spine2 0.1700 RArm 0.5700 RForeArm 0.2600 
skin 378 Spine2 0.2800 RArm 0.5600 RForeArm 0.1600 
skin 379 Spine2 0.3300 RArm 0.5500 RForeArm 0.1200 
skin 380 Spine2 0.1900 RArm 0.6500 RForeArm 0.1600 
skin 381 Spine2 0.4500 Head 0.1000 RArm 0.4500 
skin 382 Spine2 0.4500 Head 0.2000 RArm 0.3500 
skin 383 Spine2 0.4000 Head 0.0800 RArm 0.5200 
skin 384 Spine2 0.6200 Head 0.1500 RArm 0.2300 
skin 385 Spine2 0.5600 Head 0.0100 RArm 0.3900 RForeArm 0.0400 
skin 386 Spine2 0.7400 Head 0.0200 RArm 0.2400 
skin 387 Waist 0.0400 Spine2 0.6900 RArm 0.2600 RForeArm 0.0100 
skin 388 Waist 0.1700 Spine2 0.6900 RArm 0.1400 
skin 389 Waist 0.3500 Spine2 0.5200 RArm 0.1300 
skin 390 Waist 0.2300 Spine2 0.5700 RArm 0.2000 
skin 391 Spine2 0.4600 Head 0.4500 RArm 0.0900 
skin 392 Spine2 0.3900 Head 0.3800 Jaw 0.0300 RArm 0.2000 
skin 393 Waist 0.7900 RThigh 0.0400 Tail1 0.1700 
skin 394 Waist 0.9300 RThigh 0.0100 Tail1 0.0600 
skin 395 Waist 0.8000 Tail1 0.2000 
skin 396 Waist 0.9300 Tail1 0.0700 
skin 397 Waist 0.9900 Tail1 0.0100 
skin 398 Waist 0.9900 Tail1 0.0100 
skin 399 Waist 0.9800 Spine2 0.0200 
skin 400 Waist 0.9700 Spine2 0.0300 
skin 401 Waist 0.9800 Spine2 0.0100 RThigh 0.0100 
skin 402 Waist 0.8700 Spine2 0.1300 
skin 403 Waist 0.8600 Spine2 0.1400 
skin 404 Waist 0.9800 RThigh 0.0200 
skin 405 Waist 0.8900 RThigh 0.1100 
skin 406 Waist 0.9500 RThigh 0.0500 
skin 407 Waist 0.8700 RThigh 0.0900 Tail1 0.0400 
skin 408 Waist 0.6600 Spine2 0.3400 
skin 409 Waist 0.6600 Spine2 0.3400 
skin 410 Waist 0.3400 Spine2 0.6300 Head 0.0300 
skin 411 Waist 0.3500 Spine2 0.6200 Head 0.0300 
skin 412 Waist 0.6700 Spine2 0.3300 
skin 413 Waist 0.1200 Spine2 0.7100 Head 0.1700 
skin 414 Waist 0.3200 Spine2 0.6600 Head 0.0200 
skin 415 Waist 0.6400 Spine2 0.3500 RArm 0.0100 
skin 416 Waist 0.3000 Spine2 0.6700 RArm 0.0300 
skin 417 Waist 0.6100 Spine2 0.3600 RArm 0.0300 
skin 418 Waist 0.1300 Spine2 0.7500 Head 0.1200 
skin 419 Waist 0.0900 Spine2 0.8100 Head 0.0700 RArm 0.0300 
skin 420 Waist 0.0100 Spine2 0.6500 Head 0.3200 RArm 0.0200 
skin 421 Waist 0.0300 Spine2 0.5600 Head 0.4100 
skin 422 Waist 0.0300 Spine2 0.5900 Head 0.3800 
skin 423 Waist 0.8600 Spine2 0.1200 RThigh 0.0200 
skin 424 Waist 0.6600 Spine2 0.3000 RArm 0.0400 
skin 425 Waist 0.8500 Spine2 0.1200 RThigh 0.0300 
skin 426 Waist 0.8500 Spine2 0.1300 RThigh 0.0200 
skin 427 Waist 0.8600 Spine2 0.1400 
skin 428 Spine2 0.3700 Head 0.5800 RArm 0.0500 
skin 429 Waist 0.6300 Spine2 0.3300 RArm 0.0400 
skin 430 Waist 0.6000 Spine2 0.3700 RArm 0.0300 
skin 431 Waist 0.8700 Spine2 0.1300 
skin 432 Waist 0.8700 Spine2 0.1300 
skin 433 Waist 0.6000 Spine2 0.4000 
skin 434 Waist 0.8500 Spine2 0.1300 RThigh 0.0200 
skin 435 Waist 0.9900 Spine2 0.0100 
skin 436 Waist 0.8900 Spine2 0.0100 RThigh 0.1000 
skin 437 Waist 0.9700 Tail1 0.0300 
skin 438 Waist 0.7900 RThigh 0.2100 
skin 439 Waist 0.7300 Tail1 0.2700 
skin 440 Waist 0.6200 RThigh 0.1700 Tail1 0.2100 
skin 441 Waist 0.2100 Spine2 0.6500 RArm 0.1400 
skin 442 Waist 0.0100 Spine2 0.7600 RArm 0.2100 RForeArm 0.0200 
skin 443 Waist 0.2500 Spine2 0.7500 
skin 444 Waist 0.0300 Spine2 0.9600 Head 0.0100 
skin 445 Spine2 0.4600 Head 0.4200 Jaw 0.0400 RArm 0.0800 
skin 446 Spine2 0.5300 Head 0.4300 Jaw 0.0400 
skin 447 Spine2 0.0600 Head 0.4700 Jaw 0.4700 
skin 448 Spine2 0.0600 Head 0.4600 Jaw 0.4800 
skin 449 Spine2 0.0500 Head 0.5000 Jaw 0.4400 RArm 0.0100 
skin 450 Spine2 0.0300 Head 0.6700 Jaw 0.3000 
skin 451 Spine2 0.0300 Head 0.9200 Jaw 0.0500 
skin 452 Spine2 0.2900 Head 0.7100 
skin 453 Waist 0.0100 Spine2 0.7600 LArm 0.2100 LForeArm 0.0200 
skin 454 Waist 0.2100 Spine2 0.6500 LArm 0.1400 
skin 455 Spine2 0.0600 Head 0.4700 Jaw 0.4700 
skin 456 Spine2 0.4600 Head 0.4200 Jaw 0.0400 LArm 0.0800 
skin 457 Spine2 0.6900 LArm 0.2800 LForeArm 0.0300 
skin 458 Spine2 0.3900 Head 0.3800 Jaw 0.0300 LArm 0.2000 
skin 459 Waist 0.2300 Spine2 0.5700 LArm 0.2000 
skin 460 Waist 0.6000 Spine2 0.3700 LArm 0.0300 
skin 461 Waist 0.6300 Spine2 0.3300 LArm 0.0400 
skin 462 Waist 0.8700 Spine2 0.1300 
skin 463 Waist 0.8500 Spine2 0.1300 LThigh 0.0200 
skin 464 Waist 0.8900 Spine2 0.0100 LThigh 0.1000 
skin 465 Waist 0.7900 LThigh 0.2100 
skin 466 Waist 0.6200 LThigh 0.1700 Tail1 0.2100 
skin 467 Waist 0.3500 Spine2 0.5200 LArm 0.1300 
skin 468 Waist 0.6600 Spine2 0.3000 LArm 0.0400 
skin 469 Waist 0.6100 Spine2 0.3600 LArm 0.0300 
skin 470 Waist 0.8600 Spine2 0.1200 LThigh 0.0200 
skin 471 Waist 0.8500 Spine2 0.1200 LThigh 0.0300 
skin 472 Waist 0.6400 Spine2 0.3500 LArm 0.0100 
skin 473 Waist 0.3000 Spine2 0.6700 LArm 0.0300 
skin 474 Waist 0.3200 Spine2 0.6600 Head 0.0200 
skin 475 Waist 0.6600 Spine2 0.3400 
skin 476 Waist 0.1700 Spine2 0.6900 LArm 0.1400 
skin 477 Waist 0.3400 Spine2 0.6300 Head 0.0300 
skin 478 Waist 0.1300 Spine2 0.7500 Head 0.1200 
skin 479 Waist 0.0900 Spine2 0.8100 Head 0.0700 LArm 0.0300 
skin 480 Spine2 0.7400 Head 0.0200 LArm 0.2400 
skin 481 Waist 0.0100 Spine2 0.6500 Head 0.3200 LArm 0.0200 
skin 482 Spine2 0.6200 Head 0.1500 LArm 0.2300 
skin 483 Waist 0.6600 Spine2 0.3400 
skin 484 Waist 0.3500 Spine2 0.6200 Head 0.0300 
skin 485 Waist 0.6700 Spine2 0.3300 
skin 486 Waist 0.1200 Spine2 0.7100 Head 0.1700 
skin 487 Waist 0.0300 Spine2 0.5600 Head 0.4100 
skin 488 Waist 0.0300 Spine2 0.5900 Head 0.3800 
skin 489 Waist 0.8500 Spine2 0.1300 LThigh 0.0200 
skin 490 Waist 0.8700 Spine2 0.1300 
skin 491 Waist 0.8600 Spine2 0.1400 
skin 492 Waist 0.9800 Spine2 0.0200 
skin 493 Waist 0.9800 Spine2 0.0100 LThigh 0.0100 
skin 494 Waist 0.9900 Tail1 0.0100 
skin 495 Waist 0.9900 Tail1 0.0100 
skin 496 Waist 0.9700 Spine2 0.0300 
skin 497 Waist 0.9300 Tail1 0.0700 
skin 498 Waist 0.9800 LThigh 0.0200 
skin 499 Waist 0.8900 LThigh 0.1100 
skin 500 Waist 0.9500 LThigh 0.0500 
skin 501 Waist 0.9300 LThigh 0.0100 Tail1 0.0600 
skin 502 Waist 0.8700 LThigh 0.0900 Tail1 0.0400 
skin 503 Waist 0.8600 Spine2 0.1400 
skin 504 Waist 0.8000 Tail1 0.2000 
skin 505 Waist 0.7900 LThigh 0.0400 Tail1 0.1700 
skin 506 Waist 0.8100 Tail1 0.1900 
skin 507 Waist 0.7300 RThigh 0.1400 Tail1 0.1300 
skin 508 Waist 0.9200 Tail1 0.0800 
skin 509 Waist 0.9200 Tail1 0.0800 
skin 510 Waist 0.9200 Tail1 0.0800 
skin 511 Waist 0.9800 Tail1 0.0200 
skin 512 Waist 0.9800 Tail1 0.0200 
skin 513 Waist 0.9700 Spine2 0.0300 
skin 514 Waist 0.9700 Spine2 0.0300 
skin 515 Waist 0.8700 Spine2 0.1300 
skin 516 Waist 0.8700 Spine2 0.1300 
skin 517 Waist 0.6700 Spine2 0.3300 
skin 518 Waist 0.6700 Spine2 0.3300 
skin 519 Waist 0.3400 Spine2 0.6300 Head 0.0300 
skin 520 Waist 0.3500 Spine2 0.6200 Head 0.0300 
skin 521 Waist 0.1300 Spine2 0.7000 Head 0.1700 
skin 522 Waist 0.1300 Spine2 0.7000 Head 0.1700 
skin 523 Waist 0.0300 Spine2 0.5100 Head 0.4600 
skin 524 Waist 0.0300 Spine2 0.5300 Head 0.4400 
skin 525 Waist 0.8700 Spine2 0.1300 
skin 526 Waist 0.6700 Spine2 0.3300 
skin 527 Waist 0.9800 Tail1 0.0200 
skin 528 Waist 0.9700 Spine2 0.0300 
skin 529 Waist 0.3500 Spine2 0.6200 Head 0.0300 
skin 530 Waist 0.1300 Spine2 0.7000 Head 0.1700 
skin 531 Waist 0.0300 Spine2 0.5300 Head 0.4400 
skin 532 Spine2 0.0600 LArm 0.4700 LForeArm 0.4700 
skin 533 LArm 0.1000 LForeArm 0.5400 LHand 0.3600 
skin 534 Spine2 0.0600 LArm 0.4700 LForeArm 0.4700 
skin 535 LForeArm 0.1000 LHand 0.9000 
skin 536 LForeArm 0.0200 LHand 0.9800 
skin 537 Spine2 0.1700 LArm 0.5600 LForeArm 0.2700 
skin 538 Spine2 0.1800 LArm 0.5500 LForeArm 0.2700 
skin 539 Spine2 0.1500 LArm 0.5500 LForeArm 0.3000 
skin 540 Spine2 0.0500 LArm 0.4700 LForeArm 0.4800 
skin 541 Spine2 0.1000 LArm 0.5900 LForeArm 0.3100 
skin 542 Spine2 0.0100 LArm 0.4900 LForeArm 0.5000 
skin 543 LArm 0.1300 LForeArm 0.6200 LHand 0.2500 
skin 544 LArm 0.1300 LForeArm 0.6200 LHand 0.2500 
skin 545 LForeArm 0.1100 LHand 0.8900 
skin 546 LArm 0.1100 LForeArm 0.5600 LHand 0.3300 
skin 547 LForeArm 0.1000 LHand 0.9000 
skin 548 LForeArm 0.1100 LHand 0.8900 
skin 549 Waist 0.1200 Spine2 0.5600 LArm 0.3200 
skin 550 Waist 0.1100 Spine2 0.4900 LArm 0.4000 
skin 551 Spine2 0.0100 LArm 0.5100 LForeArm 0.4800 
skin 552 Spine2 0.1000 LArm 0.6100 LForeArm 0.2900 
skin 553 Spine2 0.0500 LArm 0.4800 LForeArm 0.4700 
skin 554 Spine2 0.1200 LArm 0.6000 LForeArm 0.2800 
skin 555 Spine2 0.1600 LArm 0.5600 LForeArm 0.2800 
skin 556 Spine2 0.0500 LArm 0.4800 LForeArm 0.4700 
skin 557 Spine2 0.0600 LArm 0.4700 LForeArm 0.4700 
skin 558 Spine2 0.1700 LArm 0.5700 LForeArm 0.2600 
skin 559 LForeArm 0.1100 LHand 0.8900 
skin 560 LForeArm 0.0200 LHand 0.9800 
skin 561 LForeArm 0.1400 LHand 0.8600 
skin 562 Spine2 0.2800 LArm 0.5600 LForeArm 0.1600 
skin 563 Spine2 0.3300 LArm 0.5500 LForeArm 0.1200 
skin 564 LForeArm 0.1400 LHand 0.8600 
skin 565 Spine2 0.1900 LArm 0.6500 LForeArm 0.1600 
skin 566 Spine2 0.4500 Head 0.1000 LArm 0.4500 
skin 567 Spine2 0.4500 Head 0.2000 LArm 0.3500 
skin 568 Spine2 0.4000 Head 0.0800 LArm 0.5200 
skin 569 Spine2 0.5600 Head 0.0100 LArm 0.3900 LForeArm 0.0400 
skin 570 Waist 0.0400 Spine2 0.6900 LArm 0.2600 LForeArm 0.0100 
skin 571 Spine2 0.4600 Head 0.4500 LArm 0.0900 
skin 572 Head 1.0000 
skin 573 Head 1.0000 
skin 574 Head 1.0000 
skin 575 Head 1.0000 
skin 576 Head 1.0000 
skin 577 Head 1.0000 
skin 578 Head 1.0000 
skin 579 Head 1.0000 
skin 580 Head 1.0000 
skin 581 Head 1.0000 
skin 582 Spine2 0.0500 Head 0.9500 
skin 583 Head 1.0000 
skin 584 Head 1.0000 
skin 585 Head 1.0000 
skin 586 Head 1.0000 
skin 587 Head 1.0000 
skin 588 Head 1.0000 
skin 589 Spine2 0.0200 Head 0.9800 
skin 590 Head 1.0000 
skin 591 Head 1.0000 
skin 592 Head 1.0000 
skin 593 Spine2 0.0500 Head 0.9500 
skin 594 Spine2 0.0500 Head 0.9500 
skin 595 Spine2 0.0100 Head 0.9900 
skin 596 Head 1.0000 
skin 597 Head 1.0000 
skin 598 Head 1.0000 
skin 599 Head 1.0000 
skin 600 Head 1.0000 
skin 601 Head 1.0000 
skin 602 Head 1.0000 
skin 603 Head 1.0000 
skin 604 Head 1.0000 
skin 605 Head 1.0000 
skin 606 Head 1.0000 
skin 607 Jaw 1.0000 
skin 608 Head 0.0100 Jaw 0.9900 
skin 609 Head 0.0100 Jaw 0.9900 
skin 610 Jaw 1.0000 
skin 611 Jaw 1.0000 
skin 612 Jaw 1.0000 
skin 613 Jaw 1.0000 
skin 614 Head 0.0300 Jaw 0.9700 
skin 615 Jaw 1.0000 
skin 616 Jaw 1.0000 
skin 617 Head 0.1100 Jaw 0.8900 
skin 618 Head 0.1200 Jaw 0.8800 
skin 619 Head 0.1100 Jaw 0.8900 
skin 620 Head 0.0100 Jaw 0.9900 
skin 621 Jaw 1.0000 
skin 622 Jaw 1.0000 
skin 623 Jaw 1.0000 
skin 624 Jaw 1.0000 
skin 625 Head 0.0100 Jaw 0.9900 
skin 626 Head 0.0100 Jaw 0.9900 
skin 627 Head 0.0300 Jaw 0.9700 
skin 628 Jaw 1.0000 
skin 629 Jaw 1.0000 
skin 630 Head 0.1100 Jaw 0.8900 
skin 631 Head 0.1200 Jaw 0.8800 
skin 632 Spine2 0.0200 Head 0.9800 
skin 633 Head 1.0000 
skin 634 Spine2 0.0800 Head 0.9200 
skin 635 Head 1.0000 
skin 636 Head 1.0000 
skin 637 Spine2 0.2700 Head 0.7300 
skin 638 Spine2 0.3000 Head 0.7000 
skin 639 Waist 0.0100 Spine2 0.3000 Head 0.6900 
skin 640 Spine2 0.0700 Head 0.9300 
skin 641 Head 1.0000 
skin 642 Spine2 0.0600 Head 0.9400 
skin 643 Head 1.0000 
skin 644 Head 1.0000 
skin 645 Head 1.0000 
skin 646 Spine2 0.3100 Head 0.6900 
skin 647 Head 1.0000 
skin 648 Head 1.0000 
skin 649 Head 1.0000 
skin 650 Head 1.0000 
skin 651 Head 1.0000 
skin 652 Spine2 0.0700 Head 0.9300 
skin 653 Head 1.0000 
skin 654 Spine2 0.0200 Head 0.9800 
skin 655 Waist 0.0100 Spine2 0.3000 Head 0.6900 
skin 656 Spine2 0.3000 Head 0.7000 
skin 657 Spine2 0.0500 Head 0.9500 
skin 658 Spine2 0.2700 Head 0.7300 
skin 659 Spine2 0.0500 Head 0.9500 
skin 660 Spine2 0.0500 Head 0.9500 
skin 661 Spine2 0.2900 Head 0.7100 
skin 662 Head 1.0000 
skin 663 Head 1.0000 
skin 664 Head 1.0000 
skin 665 Head 1.0000 
skin 666 Spine2 0.0800 Head 0.9200 
skin 667 Spine2 0.0100 Head 0.9900 
skin 668 Head 1.0000 
skin 669 Head 1.0000 
skin 670 Head 1.0000 
skin 671 Spine2 0.0200 Head 0.9800 
skin 672 Head 1.0000 
skin 673 Spine2 0.0300 Head 0.9200 Jaw 0.0500 
skin 674 Head 1.0000 
skin 675 Head 1.0000 
skin 676 Head 1.0000 
skin 677 Head 1.0000 
skin 678 Head 1.0000 
skin 679 Head 1.0000 
skin 680 Head 1.0000 
skin 681 Head 1.0000 
skin 682 Head 1.0000 
skin 683 Head 1.0000 
skin 684 Head 1.0000 
skin 685 Head 1.0000 
skin 686 Head 1.0000 
skin 687 Head 1.0000 
skin 688 Head 1.0000 
skin 689 Head 1.0000 
skin 690 Head 1.0000 
skin 691 Head 1.0000 
skin 692 Head 1.0000 
skin 693 Head 1.0000 
skin 694 Head 1.0000 
skin 695 Head 1.0000 
skin 696 Head 1.0000 
skin 697 Head 1.0000 
skin 698 Head 1.0000 
skin 699 Head 1.0000 
skin 700 Spine2 0.0500 Head 0.5000 Jaw 0.4400 LArm 0.0100 
skin 701 Spine2 0.0300 Head 0.6700 Jaw 0.3000 
skin 702 Spine2 0.3700 Head 0.5800 LArm 0.0500 
skin 703 Head 1.0000 
skin 704 Head 1.0000 
skin 705 Head 1.0000 
skin 706 Head 1.0000 
skin 707 Head 1.0000 
skin 708 Head 1.0000 
skin 709 Head 1.0000 
skin 710 Head 1.0000 
skin 711 Head 1.0000 
skin 712 Head 1.0000 
skin 713 Head 1.0000 
skin 714 Head 1.0000 
skin 715 Head 1.0000 
skin 716 Head 1.0000 
skin 717 Head 1.0000 
skin 718 Head 1.0000 
skin 719 Head 1.0000 
skin 720 Head 1.0000 
skin 721 Head 1.0000 
skin 722 Head 1.0000 
skin 723 Head 1.0000 
skin 724 Head 1.0000 
skin 725 Head 1.0000 
skin 726 Head 1.0000 
skin 727 Waist 0.7300 LThigh 0.1400 Tail1 0.1300 
skin 728 RHand 1.0000 
skin 729 RHand 1.0000 
skin 730 RHand 1.0000 
skin 731 RHand 1.0000 
skin 732 RHand 1.0000 
skin 733 RFoot 1.0000 
skin 734 RLeg 0.0200 RFoot 0.9800 
skin 735 RLeg 0.0200 RFoot 0.9800 
skin 736 RFoot 1.0000 
skin 737 RFoot 1.0000 
skin 738 LHand 1.0000 
skin 739 LHand 1.0000 
skin 740 LHand 1.0000 
skin 741 LHand 1.0000 
skin 742 LHand 1.0000 
skin 743 LFoot 1.0000 
skin 744 LLeg 0.0200 LFoot 0.9800 
skin 745 LLeg 0.0200 LFoot 0.9800 
skin 746 LFoot 1.0000 
skin 747 LFoot 1.0000 
skin 748 RForeArm 0.0900 RHand 0.9100 
skin 749 LForeArm 0.0900 LHand 0.9100 
skin 750 Head 1.0000 
skin 751 Head 1.0000 
skin 752 Head 1.0000 
skin 753 Head 1.0000 
skin 754 Head 1.0000 
skin 755 Head 1.0000 
skin 756 Head 1.0000 
skin 757 Head 1.0000 
hier Waist LThigh
hier Head Loc_Head
hier Waist RThigh
hier LArm LForeArm
hier RThigh RLeg
hier Head Jaw
hier RLeg RFoot
hier Spine2 RArm
hier Spine2 Head
hier RArm RForeArm
hier LLeg LFoot
hier Tail3 Tail5
hier Waist Spine2
hier LThigh LLeg
hier Waist Tail1
hier Head Loc_Mouth
hier RForeArm RHand
hier Tail1 Tail3
hier LForeArm LHand
hier Spine2 LArm
