joints hara0 0.00000000 0.33811100 0.00838300
joints hara1 0.00000000 0.37730400 0.00838300
joints koshi 0.00000000 0.29891700 0.00838300
joints hara2 0.00000000 0.41649800 0.00838300
joints koshi_cloth 0.00000000 0.25704000 0.05389830
joints koshi_clothB 0.00000000 0.25704000 -0.04569760
joints momo_l 0.03797460 0.26434400 0.00826497
joints momo_r -0.03797460 0.26434400 0.00826497
joints mune 0.00000000 0.45569000 0.00838300
joints sune_l 0.03797460 0.14810200 0.02409360
joints sune_r -0.03797460 0.14810200 0.02409360
joints head 0.00000000 0.48551800 0.00853084
joints kata_l 0.05565970 0.47861100 0.01214563
joints kata_r -0.05565970 0.47861100 0.01214563
joints ashi_l 0.03797460 0.07796150 -0.08854600
joints ashi_r -0.03797460 0.07796150 -0.08854600
joints ago 0.00000000 0.50482200 0.01658834
joints jowan0_l 0.08389730 0.45462800 0.01214563
joints jowan0_r -0.08389730 0.45462800 0.01214563
joints toe_l 0.03797460 0.00979909 -0.06666210
joints toe_r -0.03797460 0.00979909 -0.06666210
joints jowan1_l 0.12947100 0.45462800 0.01214563
joints jowan2_l 0.17504500 0.45462800 0.01214563
joints kawan0_l 0.22704600 0.45383100 0.01022193
joints jowan1_r -0.12947100 0.45462800 0.01214563
joints jowan2_r -0.17504500 0.45462800 0.01214563
joints kawan0_r -0.22704600 0.45383100 0.01022193
joints te_l 0.40615300 0.45283300 0.01506746
joints te_r -0.40615300 0.45283300 0.01506745
joints finger0_l 0.45236600 0.46313000 0.01150716
joints finger0_r -0.45236600 0.46313000 0.01150715
joints finger1_l 0.47318100 0.45047100 0.01150716
joints finger1_r -0.47330000 0.45020700 0.01150715
root hara0
skin 0 hara0 0.0300 hara1 0.1500 hara2 0.3800 mune 0.4400 
skin 1 hara0 0.0400 hara1 0.1800 hara2 0.3500 mune 0.4300 
skin 2 hara0 0.0300 hara1 0.1400 hara2 0.3500 mune 0.4800 
skin 3 hara0 0.3300 hara1 0.6200 hara2 0.0400 mune 0.0100 
skin 4 hara0 0.3600 hara1 0.5700 hara2 0.0500 mune 0.0200 
skin 5 hara0 0.4000 hara1 0.5800 hara2 0.0200 
skin 6 hara0 0.4200 hara1 0.5500 hara2 0.0300 
skin 7 mune 0.6100 kata_l 0.3900 
skin 8 mune 1.0000 
skin 9 mune 0.9300 kata_l 0.0700 
skin 10 mune 1.0000 
skin 11 mune 0.4800 kata_l 0.5200 
skin 12 mune 1.0000 
skin 13 mune 0.8500 kata_l 0.1500 
skin 14 mune 0.9000 kata_l 0.1000 
skin 15 mune 0.3400 kata_l 0.5100 jowan0_l 0.1500 
skin 16 mune 0.6300 kata_l 0.3400 jowan0_l 0.0300 
skin 17 mune 1.0000 
skin 18 mune 1.0000 
skin 19 mune 0.9300 kata_l 0.0700 
skin 20 mune 0.6100 kata_l 0.3900 
skin 21 mune 1.0000 
skin 22 mune 1.0000 
skin 23 mune 1.0000 
skin 24 mune 1.0000 
skin 25 mune 1.0000 
skin 26 mune 1.0000 
skin 27 mune 1.0000 
skin 28 mune 1.0000 
skin 29 mune 1.0000 
skin 30 mune 1.0000 
skin 31 mune 1.0000 
skin 32 mune 1.0000 
skin 33 mune 1.0000 
skin 34 mune 1.0000 
skin 35 mune 1.0000 
skin 36 mune 1.0000 
skin 37 mune 1.0000 
skin 38 mune 1.0000 
skin 39 mune 1.0000 
skin 40 mune 0.9700 kata_l 0.0300 
skin 41 mune 1.0000 
skin 42 mune 1.0000 
skin 43 mune 1.0000 
skin 44 mune 1.0000 
skin 45 mune 1.0000 
skin 46 mune 1.0000 
skin 47 mune 1.0000 
skin 48 mune 1.0000 
skin 49 mune 1.0000 
skin 50 mune 1.0000 
skin 51 mune 1.0000 
skin 52 mune 1.0000 
skin 53 mune 1.0000 
skin 54 mune 1.0000 
skin 55 mune 1.0000 
skin 56 mune 1.0000 
skin 57 mune 1.0000 
skin 58 mune 1.0000 
skin 59 mune 1.0000 
skin 60 mune 1.0000 
skin 61 mune 0.9000 kata_l 0.1000 
skin 62 mune 1.0000 
skin 63 mune 1.0000 
skin 64 mune 1.0000 
skin 65 mune 1.0000 
skin 66 mune 1.0000 
skin 67 mune 1.0000 
skin 68 mune 1.0000 
skin 69 mune 1.0000 
skin 70 mune 1.0000 
skin 71 mune 1.0000 
skin 72 mune 1.0000 
skin 73 mune 1.0000 
skin 74 mune 1.0000 
skin 75 mune 1.0000 
skin 76 mune 1.0000 
skin 77 mune 1.0000 
skin 78 mune 1.0000 
skin 79 mune 1.0000 
skin 80 mune 1.0000 
skin 81 mune 1.0000 
skin 82 mune 1.0000 
skin 83 mune 1.0000 
skin 84 mune 0.9100 kata_l 0.0900 
skin 85 mune 0.1100 kata_l 0.5600 jowan0_l 0.3300 
skin 86 mune 0.8700 kata_l 0.1300 
skin 87 mune 0.0600 kata_l 0.5000 jowan0_l 0.4400 
skin 88 mune 0.9500 kata_l 0.0500 
skin 89 mune 1.0000 
skin 90 mune 1.0000 
skin 91 mune 1.0000 
skin 92 mune 1.0000 
skin 93 mune 1.0000 
skin 94 mune 1.0000 
skin 95 mune 1.0000 
skin 96 mune 1.0000 
skin 97 mune 1.0000 
skin 98 mune 1.0000 
skin 99 mune 1.0000 
skin 100 mune 1.0000 
skin 101 mune 1.0000 
skin 102 mune 1.0000 
skin 103 mune 1.0000 
skin 104 mune 1.0000 
skin 105 mune 1.0000 
skin 106 mune 1.0000 
skin 107 mune 1.0000 
skin 108 mune 1.0000 
skin 109 mune 1.0000 
skin 110 mune 1.0000 
skin 111 mune 1.0000 
skin 112 mune 1.0000 
skin 113 mune 1.0000 
skin 114 mune 1.0000 
skin 115 mune 1.0000 
skin 116 mune 1.0000 
skin 117 mune 1.0000 
skin 118 mune 1.0000 
skin 119 mune 1.0000 
skin 120 mune 1.0000 
skin 121 jowan0_l 1.0000 
skin 122 jowan0_l 1.0000 
skin 123 mune 0.0200 kata_l 0.5700 jowan0_l 0.4100 
skin 124 mune 0.0700 kata_l 0.5100 jowan0_l 0.4200 
skin 125 jowan0_l 0.9200 jowan1_l 0.0800 
skin 126 mune 0.0800 kata_l 0.5900 jowan0_l 0.3300 
skin 127 jowan0_l 1.0000 
skin 128 jowan0_l 0.9600 jowan1_l 0.0400 
skin 129 jowan0_l 0.7100 jowan1_l 0.2900 
skin 130 jowan0_l 1.0000 
skin 131 jowan0_l 0.6800 jowan1_l 0.3200 
skin 132 jowan0_l 0.7200 jowan1_l 0.2800 
skin 133 jowan0_l 0.7500 jowan1_l 0.2500 
skin 134 jowan0_l 0.7300 jowan1_l 0.2700 
skin 135 jowan0_l 0.6900 jowan1_l 0.3100 
skin 136 jowan0_l 0.7200 jowan1_l 0.2800 
skin 137 jowan0_l 0.6900 jowan1_l 0.3100 
skin 138 jowan0_l 0.7800 jowan1_l 0.2200 
skin 139 jowan0_l 0.7200 jowan1_l 0.2800 
skin 140 jowan0_l 0.7500 jowan1_l 0.2500 
skin 141 jowan0_l 0.8700 jowan1_l 0.1300 
skin 142 jowan0_l 0.9800 jowan1_l 0.0200 
skin 143 mune 0.2100 kata_l 0.5000 jowan0_l 0.2900 
skin 144 jowan0_l 0.4400 jowan1_l 0.5600 
skin 145 jowan0_l 0.8000 jowan1_l 0.2000 
skin 146 kata_l 0.3200 jowan0_l 0.6500 jowan1_l 0.0300 
skin 147 jowan0_l 0.2200 jowan1_l 0.7800 
skin 148 kata_l 0.3200 jowan0_l 0.6800 
skin 149 jowan0_l 0.1600 jowan1_l 0.8400 
skin 150 mune 0.1000 kata_l 0.5500 jowan0_l 0.3300 jowan1_l 0.0200 
skin 151 mune 0.9100 kata_r 0.0900 
skin 152 mune 0.9300 kata_r 0.0700 
skin 153 mune 0.6100 kata_r 0.3900 
skin 154 mune 0.4000 kata_r 0.6000 
skin 155 mune 0.9600 kata_r 0.0400 
skin 156 mune 0.6500 kata_r 0.3500 
skin 157 mune 0.8700 kata_r 0.1300 
skin 158 mune 0.2900 kata_r 0.7100 
skin 159 mune 0.3600 kata_r 0.6400 
skin 160 mune 0.6100 kata_r 0.3900 
skin 161 mune 0.9600 kata_r 0.0400 
skin 162 mune 0.1800 kata_r 0.8200 
skin 163 mune 0.2200 kata_r 0.7800 
skin 164 kata_r 0.5500 jowan0_r 0.4000 jowan1_r 0.0500 
skin 165 kata_r 0.6100 jowan0_r 0.3900 
skin 166 mune 0.0200 kata_r 0.6000 jowan0_r 0.3800 
skin 167 mune 0.0300 kata_r 0.8700 jowan0_r 0.1000 
skin 168 mune 0.1600 kata_r 0.8400 
skin 169 mune 0.1000 kata_r 0.8200 jowan0_r 0.0800 
skin 170 mune 0.8800 kata_r 0.1200 
skin 171 hara0 0.1400 hara1 0.2700 hara2 0.2300 mune 0.3600 
skin 172 hara0 0.0600 hara1 0.1900 hara2 0.2200 mune 0.5300 
skin 173 hara0 0.0500 hara1 0.1500 hara2 0.1800 mune 0.6200 
skin 174 hara0 0.1100 hara1 0.2600 hara2 0.2400 mune 0.3900 
skin 175 hara0 0.1000 hara1 0.2700 hara2 0.2800 mune 0.3500 
skin 176 hara0 0.0500 hara1 0.2200 hara2 0.2700 mune 0.4600 
skin 177 hara0 0.2400 hara1 0.4000 hara2 0.2100 mune 0.1500 
skin 178 hara0 0.2100 hara1 0.3600 hara2 0.2400 mune 0.1900 
skin 179 hara0 0.1800 hara1 0.3300 hara2 0.2300 mune 0.2600 
skin 180 hara0 0.2800 hara1 0.4400 hara2 0.1800 mune 0.1000 
skin 181 hara0 0.2100 hara1 0.3700 hara2 0.2300 mune 0.1900 
skin 182 hara0 0.1600 hara1 0.3200 hara2 0.2600 mune 0.2600 
skin 183 hara0 0.1400 hara1 0.3000 hara2 0.2400 mune 0.3200 
skin 184 hara0 0.2600 hara1 0.3900 hara2 0.2300 mune 0.1200 
skin 185 hara0 0.2900 hara1 0.4500 hara2 0.1800 mune 0.0800 
skin 186 hara0 0.3000 hara1 0.4300 hara2 0.2000 mune 0.0700 
skin 187 hara0 0.3500 hara1 0.5200 hara2 0.1000 mune 0.0300 
skin 188 hara0 0.2300 hara1 0.3800 hara2 0.2400 mune 0.1500 
skin 189 hara0 0.1800 hara1 0.3100 hara2 0.2300 mune 0.2800 
skin 190 hara0 0.3000 hara1 0.4200 hara2 0.2200 mune 0.0600 
skin 191 hara0 0.1600 hara1 0.2800 hara2 0.2400 mune 0.3200 
skin 192 hara0 0.3900 hara1 0.4600 koshi 0.0400 hara2 0.1100 
skin 193 hara0 0.3600 hara1 0.4500 hara2 0.1500 mune 0.0400 
skin 194 hara0 0.0500 hara1 0.1500 hara2 0.3300 mune 0.4700 
skin 195 hara0 0.2400 hara1 0.3600 hara2 0.2500 mune 0.1500 
skin 196 hara0 0.2300 hara1 0.3400 hara2 0.2400 mune 0.1900 
skin 197 hara0 0.0900 hara1 0.1700 hara2 0.2500 mune 0.4900 
skin 198 hara0 0.3200 hara1 0.4000 hara2 0.1900 mune 0.0900 
skin 199 hara0 0.4100 hara1 0.4200 koshi 0.0600 hara2 0.1100 
skin 200 hara0 0.3100 hara1 0.4000 hara2 0.1800 mune 0.1100 
skin 201 hara0 0.1200 hara1 0.4600 hara2 0.4000 mune 0.0200 
skin 202 hara0 0.0500 hara1 0.5700 hara2 0.3100 mune 0.0700 
skin 203 hara0 0.1400 hara1 0.4100 hara2 0.4200 mune 0.0300 
skin 204 hara0 0.1100 hara1 0.5800 hara2 0.2600 mune 0.0500 
skin 205 hara0 0.1700 hara1 0.6400 hara2 0.1700 mune 0.0200 
skin 206 hara0 0.2200 hara1 0.6100 hara2 0.1100 mune 0.0600 
skin 207 hara0 0.1000 hara1 0.4700 hara2 0.2300 mune 0.2000 
skin 208 hara0 0.1500 hara1 0.5300 hara2 0.1900 mune 0.1300 
skin 209 hara0 0.1600 hara1 0.5400 hara2 0.3000 
skin 210 hara0 0.2200 hara1 0.6100 hara2 0.1500 mune 0.0200 
skin 211 hara0 0.3300 hara1 0.6300 hara2 0.0400 
skin 212 hara0 0.0400 hara1 0.3700 hara2 0.4600 mune 0.1300 
skin 213 hara0 0.1100 hara1 0.4600 hara2 0.3300 mune 0.1000 
skin 214 hara0 0.0400 hara1 0.4000 hara2 0.3300 mune 0.2300 
skin 215 hara0 0.0500 hara1 0.3300 hara2 0.2600 mune 0.3600 
skin 216 hara0 0.0800 hara1 0.3700 hara2 0.2100 mune 0.3400 
skin 217 hara0 0.0500 hara1 0.2100 hara2 0.2500 mune 0.4900 
skin 218 hara0 0.0900 hara1 0.2900 hara2 0.2200 mune 0.4000 
skin 219 hara0 0.0400 hara1 0.2400 hara2 0.2600 mune 0.4600 
skin 220 hara0 0.1300 hara1 0.8400 hara2 0.0300 
skin 221 hara0 0.0400 hara1 0.3000 hara2 0.3500 mune 0.3100 
skin 222 hara0 0.0100 hara1 0.1200 hara2 0.2400 mune 0.6300 
skin 223 hara0 0.0300 hara1 0.2300 hara2 0.3900 mune 0.3500 
skin 224 hara0 0.0200 hara1 0.1200 hara2 0.2200 mune 0.6400 
skin 225 hara0 0.1200 hara1 0.3100 hara2 0.2000 mune 0.3700 
skin 226 hara0 0.1200 hara1 0.2900 hara2 0.2100 mune 0.3800 
skin 227 hara0 0.1300 hara1 0.2900 hara2 0.2100 mune 0.3700 
skin 228 hara0 0.0900 hara1 0.3100 hara2 0.2400 mune 0.3600 
skin 229 hara1 0.0500 hara2 0.4500 mune 0.5000 
skin 230 hara0 0.0500 hara1 0.1900 hara2 0.2700 mune 0.4900 
skin 231 hara0 0.3700 hara1 0.4800 hara2 0.0800 mune 0.0700 
skin 232 hara0 0.0900 hara1 0.2200 hara2 0.2600 mune 0.4300 
skin 233 hara0 0.2000 hara1 0.4100 hara2 0.1200 mune 0.2700 
skin 234 hara0 0.2400 hara1 0.7600 
skin 235 hara0 0.3500 hara1 0.4200 koshi 0.1400 hara2 0.0900 
skin 236 hara0 0.2800 hara1 0.3600 koshi 0.2600 hara2 0.1000 
skin 237 hara0 0.3100 hara1 0.2800 koshi 0.3700 hara2 0.0400 
skin 238 hara0 0.2000 hara1 0.1400 koshi 0.6400 hara2 0.0200 
skin 239 hara0 0.3400 hara1 0.5200 hara2 0.1400 
skin 240 hara0 0.3700 hara1 0.5200 koshi 0.0500 hara2 0.0600 
skin 241 hara0 0.0600 hara1 0.1400 hara2 0.1600 mune 0.6400 
skin 242 hara1 0.0600 hara2 0.1500 mune 0.7900 
skin 243 hara0 0.0400 hara1 0.0900 hara2 0.1100 mune 0.7600 
skin 244 hara1 0.0400 hara2 0.0900 mune 0.8700 
skin 245 mune 0.9800 kata_r 0.0200 
skin 246 hara1 0.0300 hara2 0.1100 mune 0.8600 
skin 247 hara1 0.0300 hara2 0.1600 mune 0.8100 
skin 248 hara1 0.0300 hara2 0.1100 mune 0.8600 
skin 249 hara1 0.0400 hara2 0.2100 mune 0.7500 
skin 250 hara1 0.0200 hara2 0.1100 mune 0.8700 
skin 251 hara2 0.0500 mune 0.9500 
skin 252 hara1 0.0200 hara2 0.0600 mune 0.9200 
skin 253 hara1 0.0200 hara2 0.0600 mune 0.9200 
skin 254 hara2 0.0100 mune 0.9900 
skin 255 hara2 0.0500 mune 0.9500 
skin 256 mune 1.0000 
skin 257 hara1 0.0200 hara2 0.1200 mune 0.8600 
skin 258 hara1 0.0100 hara2 0.0800 mune 0.9100 
skin 259 hara2 0.0700 mune 0.9300 
skin 260 hara2 0.0400 mune 0.9600 
skin 261 hara2 0.0400 mune 0.9600 
skin 262 hara2 0.0100 mune 0.9900 
skin 263 hara2 0.0900 mune 0.9100 
skin 264 mune 1.0000 
skin 265 hara2 0.0700 mune 0.9300 
skin 266 hara2 0.0500 mune 0.9500 
skin 267 mune 1.0000 
skin 268 hara2 0.0400 mune 0.9600 
skin 269 hara2 0.0700 mune 0.9300 
skin 270 hara2 0.0500 mune 0.9500 
skin 271 hara2 0.0700 mune 0.9300 
skin 272 hara2 0.0200 mune 0.9800 
skin 273 hara2 0.0200 mune 0.9800 
skin 274 hara2 0.0100 mune 0.9900 
skin 275 hara2 0.0400 mune 0.9600 
skin 276 hara2 0.0200 mune 0.9800 
skin 277 hara2 0.0400 mune 0.9600 
skin 278 mune 1.0000 
skin 279 mune 1.0000 
skin 280 hara2 0.0300 mune 0.9700 
skin 281 hara2 0.0400 mune 0.9600 
skin 282 hara0 0.0200 hara1 0.0900 hara2 0.1100 mune 0.7800 
skin 283 hara1 0.0300 hara2 0.0600 mune 0.9100 
skin 284 hara0 0.0100 hara1 0.0800 hara2 0.1200 mune 0.7900 
skin 285 hara2 0.0300 mune 0.9700 
skin 286 hara2 0.0400 mune 0.9600 
skin 287 hara0 0.0200 hara1 0.1000 hara2 0.1400 mune 0.7400 
skin 288 hara0 0.1000 hara1 0.3200 hara2 0.1900 mune 0.3900 
skin 289 hara0 0.1100 hara1 0.2900 hara2 0.1900 mune 0.4100 
skin 290 hara0 0.0400 hara1 0.1800 hara2 0.1700 mune 0.6100 
skin 291 hara0 0.0500 hara1 0.2500 hara2 0.2200 mune 0.4800 
skin 292 hara0 0.0300 hara1 0.2000 hara2 0.2300 mune 0.5400 
skin 293 hara0 0.0100 hara1 0.0900 hara2 0.1500 mune 0.7500 
skin 294 hara1 0.0200 hara2 0.0300 mune 0.9500 
skin 295 hara0 0.0900 hara1 0.2100 hara2 0.2400 mune 0.4600 
skin 296 hara0 0.1000 hara1 0.1800 hara2 0.2200 mune 0.5000 
skin 297 hara0 0.1100 hara1 0.2200 hara2 0.2000 mune 0.4700 
skin 298 hara0 0.0900 hara1 0.1700 hara2 0.1800 mune 0.5600 
skin 299 hara0 0.0300 hara1 0.0800 hara2 0.1300 mune 0.7600 
skin 300 hara0 0.0100 hara1 0.0300 hara2 0.0400 mune 0.9200 
skin 301 mune 0.8300 kata_r 0.1700 
skin 302 mune 0.0400 kata_r 0.3100 jowan0_r 0.6100 jowan1_r 0.0400 
skin 303 mune 0.0300 kata_r 0.2700 jowan0_r 0.7000 
skin 304 mune 0.9800 kata_r 0.0200 
skin 305 mune 0.9600 kata_r 0.0400 
skin 306 mune 0.8300 kata_r 0.1700 
skin 307 mune 1.0000 
skin 308 hara1 0.0100 hara2 0.1300 mune 0.8600 
skin 309 kata_r 0.0800 jowan0_r 0.9200 
skin 310 jowan0_r 1.0000 
skin 311 mune 0.0700 kata_r 0.0800 jowan0_r 0.8500 
skin 312 hara2 0.0700 mune 0.9300 
skin 313 mune 0.0600 kata_r 0.4400 jowan0_r 0.4400 jowan1_r 0.0600 
skin 314 kata_r 0.1700 jowan0_r 0.6600 jowan1_r 0.1700 
skin 315 jowan0_r 1.0000 
skin 316 jowan0_r 0.7100 jowan1_r 0.2900 
skin 317 kata_r 0.4900 jowan0_r 0.4100 jowan1_r 0.1000 
skin 318 koshi 1.0000 
skin 319 hara0 0.1200 hara1 0.0800 koshi 0.8000 
skin 320 koshi 1.0000 
skin 321 hara0 0.0500 hara1 0.0200 koshi 0.9300 
skin 322 hara0 0.5600 hara1 0.2100 koshi 0.2300 
skin 323 hara0 0.0100 koshi 0.9900 
skin 324 hara0 0.1600 hara1 0.1200 koshi 0.7200 
skin 325 hara0 0.3700 hara1 0.3200 koshi 0.3100 
skin 326 hara0 0.0100 koshi 0.9900 
skin 327 hara0 0.3300 hara1 0.2800 koshi 0.3900 
skin 328 hara0 0.4100 hara1 0.5300 koshi 0.0600 
skin 329 hara0 0.4000 hara1 0.6000 
skin 330 hara0 0.4200 hara1 0.4100 koshi 0.0700 hara2 0.1000 
skin 331 hara0 0.4000 hara1 0.4700 hara2 0.1300 
skin 332 hara0 0.5300 hara1 0.3000 koshi 0.1400 hara2 0.0300 
skin 333 hara0 0.3900 hara1 0.5200 koshi 0.0400 hara2 0.0500 
skin 334 hara0 0.5100 hara1 0.3900 koshi 0.1000 
skin 335 hara0 0.0500 koshi 0.9500 
skin 336 hara0 0.6200 hara1 0.1700 koshi 0.2100 
skin 337 hara0 0.0200 hara1 0.2000 hara2 0.3900 mune 0.3900 
skin 338 hara0 0.0300 hara1 0.2600 hara2 0.4000 mune 0.3100 
skin 339 hara1 0.0400 hara2 0.1400 mune 0.8200 
skin 340 hara1 0.1000 hara2 0.3200 mune 0.5800 
skin 341 hara1 0.0600 hara2 0.1700 mune 0.7700 
skin 342 hara0 0.0300 hara1 0.1500 hara2 0.2900 mune 0.5300 
skin 343 hara0 0.0300 hara1 0.1300 hara2 0.3100 mune 0.5300 
skin 344 hara0 0.0200 hara1 0.1000 hara2 0.2500 mune 0.6300 
skin 345 hara0 0.0400 hara1 0.2000 hara2 0.3300 mune 0.4300 
skin 346 hara0 0.0300 hara1 0.2400 hara2 0.3500 mune 0.3800 
skin 347 hara0 0.0200 hara1 0.1700 hara2 0.2900 mune 0.5200 
skin 348 hara1 0.0800 hara2 0.2400 mune 0.6800 
skin 349 hara1 0.0600 hara2 0.1700 mune 0.7500 kata_r 0.0200 
skin 350 hara0 0.0200 hara1 0.1500 hara2 0.2200 mune 0.6100 
skin 351 hara1 0.0300 hara2 0.0800 mune 0.8500 kata_r 0.0400 
skin 352 hara0 0.0400 hara1 0.1400 hara2 0.1900 mune 0.6300 
skin 353 hara0 0.0200 hara1 0.0900 hara2 0.1400 mune 0.7500 
skin 354 hara1 0.0300 hara2 0.0700 mune 0.8700 kata_r 0.0300 
skin 355 hara2 0.0100 mune 0.8800 kata_r 0.1100 
skin 356 hara1 0.0300 hara2 0.2700 mune 0.7000 
skin 357 hara1 0.0200 hara2 0.1900 mune 0.7900 
skin 358 hara2 0.2500 mune 0.7500 
skin 359 hara1 0.0400 hara2 0.3200 mune 0.6400 
skin 360 hara1 0.0200 hara2 0.3000 mune 0.6800 
skin 361 hara2 0.3200 mune 0.6500 kata_l 0.0300 
skin 362 hara2 0.1700 mune 0.8100 kata_l 0.0200 
skin 363 hara1 0.0500 hara2 0.1500 mune 0.7900 kata_l 0.0100 
skin 364 hara2 0.0600 mune 0.9400 
skin 365 hara1 0.0200 hara2 0.0700 mune 0.9100 
skin 366 hara2 0.0400 mune 0.9600 
skin 367 hara1 0.0200 hara2 0.0700 mune 0.9100 
skin 368 hara2 0.0300 mune 0.9700 
skin 369 hara2 0.0400 mune 0.9600 
skin 370 jowan0_r 0.7000 jowan1_r 0.3000 
skin 371 kata_r 0.6000 jowan0_r 0.4000 
skin 372 jowan0_r 0.8400 jowan1_r 0.1600 
skin 373 kata_r 0.5900 jowan0_r 0.4100 
skin 374 kata_r 0.5800 jowan0_r 0.4200 
skin 375 jowan0_r 0.8900 jowan1_r 0.1100 
skin 376 jowan0_r 0.6200 jowan1_r 0.3800 
skin 377 jowan0_r 0.8100 jowan1_r 0.1900 
skin 378 jowan0_r 0.6400 jowan1_r 0.3600 
skin 379 jowan0_r 0.5800 jowan1_r 0.4200 
skin 380 jowan0_r 0.3500 jowan1_r 0.6500 
skin 381 mune 0.1500 kata_r 0.6100 jowan0_r 0.2400 
skin 382 kata_r 0.1300 jowan0_r 0.8300 jowan1_r 0.0400 
skin 383 mune 0.0200 kata_r 0.5800 jowan0_r 0.4000 
skin 384 mune 0.8400 kata_r 0.1600 
skin 385 kata_r 0.0900 jowan0_r 0.9100 
skin 386 mune 0.8200 kata_r 0.1800 
skin 387 mune 0.9200 kata_r 0.0800 
skin 388 mune 0.8900 kata_r 0.1100 
skin 389 hara0 0.4200 hara1 0.5500 hara2 0.0300 
skin 390 hara0 0.3500 hara1 0.6500 
skin 391 hara0 0.4100 hara1 0.5900 
skin 392 hara0 0.3700 hara1 0.6000 hara2 0.0300 
skin 393 hara0 0.3500 hara1 0.6500 
skin 394 hara0 0.4100 hara1 0.5600 hara2 0.0300 
skin 395 hara0 0.3800 hara1 0.6200 
skin 396 hara0 0.2900 hara1 0.7000 hara2 0.0100 
skin 397 hara0 0.2400 hara1 0.7100 hara2 0.0500 
skin 398 hara0 0.1900 hara1 0.6900 hara2 0.1000 mune 0.0200 
skin 399 hara0 0.2100 hara1 0.7400 hara2 0.0500 
skin 400 hara0 0.0300 hara1 0.2600 hara2 0.4100 mune 0.3000 
skin 401 hara0 0.1500 hara1 0.8000 hara2 0.0500 
skin 402 hara0 0.3100 hara1 0.6700 hara2 0.0200 
skin 403 hara0 0.3300 hara1 0.6700 
skin 404 hara0 0.2700 hara1 0.6700 hara2 0.0600 
skin 405 hara0 0.2800 hara1 0.6700 hara2 0.0500 
skin 406 hara0 0.2600 hara1 0.6200 hara2 0.0800 mune 0.0400 
skin 407 hara0 0.2600 hara1 0.7100 hara2 0.0300 
skin 408 hara0 0.1600 hara1 0.4100 hara2 0.1800 mune 0.2500 
skin 409 hara0 0.2200 hara1 0.5100 hara2 0.1500 mune 0.1200 
skin 410 hara0 0.2200 hara1 0.4500 hara2 0.1900 mune 0.1400 
skin 411 hara0 0.1600 hara1 0.4700 hara2 0.1800 mune 0.1900 
skin 412 hara0 0.3500 hara1 0.5500 hara2 0.0700 mune 0.0300 
skin 413 hara0 0.0300 hara1 0.1500 hara2 0.3900 mune 0.4300 
skin 414 hara0 0.0400 hara1 0.1600 hara2 0.3700 mune 0.4300 
skin 415 hara0 0.0300 hara1 0.1400 hara2 0.3500 mune 0.4800 
skin 416 hara0 0.1600 hara1 0.3500 hara2 0.3000 mune 0.1900 
skin 417 hara0 0.0900 hara1 0.2800 hara2 0.3400 mune 0.2900 
skin 418 hara0 0.2400 hara1 0.4100 hara2 0.2200 mune 0.1300 
skin 419 hara0 0.3200 hara1 0.5000 hara2 0.1200 mune 0.0600 
skin 420 hara1 0.0300 hara2 0.1100 mune 0.8600 
skin 421 hara1 0.0600 hara2 0.1800 mune 0.7600 
skin 422 hara1 0.0600 hara2 0.2000 mune 0.7400 
skin 423 hara1 0.0300 hara2 0.1500 mune 0.8200 
skin 424 hara1 0.0400 hara2 0.2200 mune 0.7400 
skin 425 hara1 0.0300 hara2 0.1000 mune 0.8700 
skin 426 hara1 0.0300 hara2 0.1000 mune 0.8700 
skin 427 hara1 0.0300 hara2 0.1100 mune 0.8600 
skin 428 hara0 0.0200 hara1 0.1100 hara2 0.2400 mune 0.6300 
skin 429 hara0 0.2300 hara1 0.4600 hara2 0.1200 mune 0.1900 
skin 430 hara0 0.5100 hara1 0.4700 hara2 0.0200 
skin 431 hara0 0.4300 hara1 0.4200 koshi 0.1000 hara2 0.0500 
skin 432 hara0 0.4900 hara1 0.3900 koshi 0.1200 
skin 433 hara0 0.6400 hara1 0.1400 koshi 0.2200 
skin 434 hara0 0.5000 hara1 0.2400 koshi 0.2600 
skin 435 hara0 0.2200 koshi 0.7800 
skin 436 hara0 0.1400 koshi 0.8600 
skin 437 hara0 0.6200 hara1 0.1600 koshi 0.2200 
skin 438 hara0 0.6600 hara1 0.0900 koshi 0.2500 
skin 439 hara0 0.3700 hara1 0.5000 hara2 0.1100 mune 0.0200 
skin 440 hara0 0.4000 hara1 0.5300 hara2 0.0700 
skin 441 mune 0.2600 kata_l 0.3000 jowan0_l 0.4400 
skin 442 mune 0.8800 kata_l 0.1000 jowan0_l 0.0200 
skin 443 jowan0_l 1.0000 
skin 444 jowan0_l 1.0000 
skin 445 hara2 0.0400 mune 0.9400 kata_r 0.0200 
skin 446 kata_l 0.2100 jowan0_l 0.7900 
skin 447 hara1 0.0100 hara2 0.1400 mune 0.8500 
skin 448 jowan0_l 0.7900 jowan1_l 0.2100 
skin 449 jowan0_l 0.8200 jowan1_l 0.1800 
skin 450 jowan0_l 1.0000 
skin 451 mune 0.1100 kata_l 0.8200 jowan0_l 0.0700 
skin 452 mune 0.7900 kata_l 0.2100 
skin 453 hara1 0.0700 hara2 0.2700 mune 0.6600 
skin 454 hara0 0.1600 hara1 0.3600 hara2 0.2700 mune 0.2100 
skin 455 hara0 0.0900 hara1 0.2900 hara2 0.3200 mune 0.3000 
skin 456 hara1 0.0200 hara2 0.1200 mune 0.8600 
skin 457 hara1 0.0500 hara2 0.2600 mune 0.6900 
skin 458 hara1 0.0200 hara2 0.1800 mune 0.8000 
skin 459 hara1 0.0200 hara2 0.1400 mune 0.8400 
skin 460 hara2 0.1100 mune 0.8900 
skin 461 hara1 0.0300 hara2 0.2400 mune 0.7300 
skin 462 hara1 0.0200 hara2 0.0700 mune 0.9100 
skin 463 hara1 0.0200 hara2 0.0900 mune 0.8900 
skin 464 hara0 0.3800 hara1 0.5700 hara2 0.0400 mune 0.0100 
skin 465 hara0 0.3300 hara1 0.6600 koshi 0.0100 
skin 466 hara0 0.3300 hara1 0.5000 hara2 0.1200 mune 0.0500 
skin 467 hara0 0.3100 hara1 0.4600 hara2 0.1500 mune 0.0800 
skin 468 hara0 0.3700 hara1 0.5000 hara2 0.0900 mune 0.0400 
skin 469 hara0 0.4100 hara1 0.5200 hara2 0.0500 mune 0.0200 
skin 470 hara0 0.2300 hara1 0.4000 hara2 0.2200 mune 0.1500 
skin 471 hara0 0.2200 hara1 0.3700 hara2 0.2200 mune 0.1900 
skin 472 hara0 0.1200 hara1 0.4000 hara2 0.2000 mune 0.2800 
skin 473 hara0 0.0300 hara1 0.3100 hara2 0.3300 mune 0.3300 
skin 474 hara0 0.0400 hara1 0.2700 hara2 0.2600 mune 0.4300 
skin 475 hara0 0.0100 hara1 0.1300 hara2 0.3300 mune 0.5300 
skin 476 hara0 0.0100 hara1 0.1200 hara2 0.4100 mune 0.4600 
skin 477 hara0 0.0400 hara1 0.3600 hara2 0.3900 mune 0.2100 
skin 478 mune 0.3300 head 0.6700 
skin 479 head 1.0000 
skin 480 head 1.0000 
skin 481 head 1.0000 
skin 482 ago 1.0000 
skin 483 ago 1.0000 
skin 484 mune 0.4400 ago 0.5600 
skin 485 mune 0.5000 head 0.5000 
skin 486 head 1.0000 
skin 487 head 1.0000 
skin 488 head 1.0000 
skin 489 ago 1.0000 
skin 490 mune 0.9900 kata_r 0.0100 
skin 491 hara0 0.1000 koshi 0.9000 
skin 492 hara0 0.1200 koshi 0.8800 
skin 493 hara0 0.0900 koshi 0.9100 
skin 494 hara0 0.1100 koshi 0.8900 
skin 495 hara0 0.0900 koshi 0.9100 
skin 496 hara0 0.1000 koshi 0.9000 
skin 497 hara0 0.1200 koshi 0.8800 
skin 498 hara0 0.4800 hara1 0.2700 koshi 0.2500 
skin 499 hara0 0.5100 hara1 0.3100 koshi 0.1800 
skin 500 hara0 0.1400 koshi 0.8600 
skin 501 hara0 0.4800 hara1 0.3700 koshi 0.1500 
skin 502 hara0 0.4700 hara1 0.4200 koshi 0.1100 
skin 503 hara0 0.1600 koshi 0.8400 
skin 504 hara0 0.1500 hara1 0.0400 koshi 0.8100 
skin 505 hara1 0.0100 hara2 0.0300 mune 0.9600 
skin 506 hara0 0.0300 hara1 0.0700 hara2 0.1400 mune 0.7600 
skin 507 hara0 0.1000 hara1 0.1800 hara2 0.2500 mune 0.4700 
skin 508 hara0 0.1600 hara1 0.2600 hara2 0.2500 mune 0.3300 
skin 509 hara0 0.2400 hara1 0.3300 hara2 0.2300 mune 0.2000 
skin 510 hara0 0.2200 hara1 0.3400 hara2 0.2300 mune 0.2100 
skin 511 hara0 0.2900 hara1 0.4100 hara2 0.1900 mune 0.1100 
skin 512 hara0 0.3000 hara1 0.4700 hara2 0.1600 mune 0.0700 
skin 513 hara0 0.3100 hara1 0.5400 hara2 0.1100 mune 0.0400 
skin 514 hara0 0.3900 hara1 0.5600 hara2 0.0400 mune 0.0100 
skin 515 hara0 0.4200 hara1 0.5500 hara2 0.0300 
skin 516 hara0 0.4000 hara1 0.5300 hara2 0.0500 mune 0.0200 
skin 517 hara0 0.3700 hara1 0.5500 hara2 0.0600 mune 0.0200 
skin 518 hara0 0.3700 hara1 0.5300 hara2 0.0700 mune 0.0300 
skin 519 hara0 0.4700 hara1 0.5100 hara2 0.0200 
skin 520 hara0 0.5000 hara1 0.4800 hara2 0.0200 
skin 521 hara0 0.4700 hara1 0.5000 koshi 0.0300 
skin 522 hara0 0.4100 hara1 0.5300 hara2 0.0600 
skin 523 hara0 0.5000 hara1 0.4700 koshi 0.0200 hara2 0.0100 
skin 524 mune 0.1000 kata_l 0.5100 jowan0_l 0.3900 
skin 525 hara0 0.0400 hara1 0.2700 hara2 0.4100 mune 0.2800 
skin 526 hara0 0.0700 hara1 0.3900 hara2 0.3700 mune 0.1700 
skin 527 hara0 0.0300 hara1 0.1900 hara2 0.3900 mune 0.3900 
skin 528 mune 1.0000 
skin 529 hara0 0.0200 hara1 0.1200 hara2 0.1700 mune 0.6900 
skin 530 hara1 0.1200 hara2 0.2300 mune 0.6500 
skin 531 hara1 0.0600 hara2 0.1200 mune 0.8200 
skin 532 hara0 0.0300 hara1 0.1200 hara2 0.1500 mune 0.7000 
skin 533 hara1 0.0600 hara2 0.1300 mune 0.8100 
skin 534 mune 1.0000 
skin 535 hara0 0.0200 hara1 0.1100 hara2 0.1400 mune 0.7300 
skin 536 hara0 0.2600 hara1 0.3900 hara2 0.1100 mune 0.2400 
skin 537 hara0 0.2600 hara1 0.3800 hara2 0.1100 mune 0.2500 
skin 538 hara0 0.2500 hara1 0.4000 hara2 0.1100 mune 0.2400 
skin 539 hara0 0.2400 hara1 0.4400 hara2 0.1100 mune 0.2100 
skin 540 hara1 0.3100 hara2 0.1900 mune 0.5000 
skin 541 hara1 0.4000 hara2 0.2500 mune 0.3500 
skin 542 hara1 0.3300 hara2 0.1900 mune 0.4800 
skin 543 hara0 0.0300 hara1 0.3600 hara2 0.2000 mune 0.4100 
skin 544 hara1 0.2600 hara2 0.1600 mune 0.5800 
skin 545 hara0 0.0300 hara1 0.3700 hara2 0.2000 mune 0.4000 
skin 546 hara1 0.2900 hara2 0.1700 mune 0.5400 
skin 547 hara0 0.0200 hara1 0.4000 hara2 0.2100 mune 0.3700 
skin 548 hara0 0.4000 hara1 0.6000 
skin 549 hara0 0.1200 hara1 0.8800 
skin 550 hara0 0.1500 hara1 0.8300 hara2 0.0200 
skin 551 hara0 0.3600 hara1 0.6200 hara2 0.0200 
skin 552 hara0 0.8900 hara1 0.1100 
skin 553 hara0 0.8400 hara1 0.1300 koshi 0.0300 
skin 554 hara0 0.5800 hara1 0.0100 koshi 0.4100 
skin 555 hara0 0.6000 hara1 0.0100 koshi 0.3900 
skin 556 hara0 0.8300 hara1 0.1400 koshi 0.0300 
skin 557 hara0 0.8400 hara1 0.1500 koshi 0.0100 
skin 558 hara0 0.6400 koshi 0.3600 
skin 559 hara0 0.6000 koshi 0.4000 
skin 560 hara0 0.5900 koshi 0.4100 
skin 561 mune 0.5000 jowan0_r 0.5000 
skin 562 mune 0.2000 jowan0_r 0.8000 
skin 563 mune 0.5000 jowan0_r 0.5000 
skin 564 mune 0.2000 jowan0_r 0.8000 
skin 565 mune 0.5000 jowan0_r 0.5000 
skin 566 mune 0.2000 jowan0_r 0.8000 
skin 567 mune 0.5000 jowan0_r 0.5000 
skin 568 mune 0.2000 jowan0_r 0.8000 
skin 569 jowan0_r 0.6000 jowan1_r 0.4000 
skin 570 jowan0_r 0.6000 jowan1_r 0.4000 
skin 571 jowan0_r 0.6000 jowan1_r 0.4000 
skin 572 jowan0_r 0.6000 jowan1_r 0.4000 
skin 573 jowan1_r 0.8300 jowan2_r 0.1700 
skin 574 jowan1_r 0.8400 jowan2_r 0.1600 
skin 575 jowan1_r 0.8300 jowan2_r 0.1700 
skin 576 jowan1_r 0.8300 jowan2_r 0.1700 
skin 577 jowan1_r 0.6000 jowan2_r 0.4000 
skin 578 jowan1_r 0.6000 jowan2_r 0.4000 
skin 579 jowan1_r 0.6000 jowan2_r 0.4000 
skin 580 jowan1_r 0.6000 jowan2_r 0.4000 
skin 581 mune 0.2000 jowan0_r 0.8000 
skin 582 mune 0.2000 jowan0_r 0.8000 
skin 583 mune 0.2000 jowan0_r 0.8000 
skin 584 mune 0.2000 jowan0_r 0.8000 
skin 585 mune 0.2000 jowan0_r 0.8000 
skin 586 jowan1_r 0.8300 jowan2_r 0.1700 
skin 587 jowan1_r 0.8300 jowan2_r 0.1700 
skin 588 jowan1_r 0.8300 jowan2_r 0.1700 
skin 589 jowan1_r 0.8300 jowan2_r 0.1700 
skin 590 jowan1_r 0.8300 jowan2_r 0.1700 
skin 591 hara0 0.5100 hara1 0.3700 koshi 0.1200 
skin 592 hara0 0.0300 hara1 0.0200 koshi 0.9500 
skin 593 hara0 0.5100 hara1 0.3700 koshi 0.1200 
skin 594 koshi 1.0000 
skin 595 hara0 0.5700 hara1 0.3900 koshi 0.0400 
skin 596 hara0 0.0100 koshi 0.9900 
skin 597 hara0 0.5500 hara1 0.3900 koshi 0.0600 
skin 598 hara0 0.0300 hara1 0.0300 koshi 0.9400 
skin 599 koshi 1.0000 
skin 600 koshi 1.0000 
skin 601 koshi 1.0000 
skin 602 koshi 1.0000 
skin 603 hara2 0.1900 mune 0.8100 
skin 604 hara1 0.0200 hara2 0.2900 mune 0.6900 
skin 605 hara2 0.2600 mune 0.7400 
skin 606 hara1 0.0300 hara2 0.3400 mune 0.6300 
skin 607 hara2 0.2600 mune 0.7400 
skin 608 hara1 0.0300 hara2 0.3800 mune 0.5900 
skin 609 hara1 0.0100 hara2 0.3300 mune 0.6600 
skin 610 hara1 0.0300 hara2 0.3200 mune 0.6500 
skin 611 mune 1.0000 
skin 612 hara1 0.0400 hara2 0.4200 mune 0.5400 
skin 613 mune 1.0000 
skin 614 hara1 0.0300 hara2 0.3700 mune 0.6000 
skin 615 hara2 0.0300 mune 0.9700 
skin 616 hara1 0.0300 hara2 0.3500 mune 0.6200 
skin 617 mune 1.0000 
skin 618 hara1 0.0400 hara2 0.4100 mune 0.5500 
skin 619 hara1 0.1100 hara2 0.3700 mune 0.5200 
skin 620 hara1 0.3400 hara2 0.2000 mune 0.4600 
skin 621 hara1 0.3600 hara2 0.2000 mune 0.4400 
skin 622 hara0 0.3000 hara1 0.7000 
skin 623 hara0 0.3800 hara1 0.6200 
skin 624 hara0 0.3600 hara1 0.6400 
skin 625 hara1 0.3800 hara2 0.2200 mune 0.4000 
skin 626 hara0 0.2800 hara1 0.7200 
skin 627 hara0 0.3600 hara1 0.6400 
skin 628 hara0 0.4100 hara1 0.5900 
skin 629 hara0 0.3000 hara1 0.7000 
skin 630 hara1 0.3400 hara2 0.2000 mune 0.4600 
skin 631 hara0 0.3000 koshi 0.7000 
skin 632 hara0 0.5700 koshi 0.4300 
skin 633 hara0 0.3000 koshi 0.7000 
skin 634 hara0 0.6400 koshi 0.3600 
skin 635 hara0 0.3000 koshi 0.7000 
skin 636 hara0 0.6300 koshi 0.3700 
skin 637 hara0 0.3000 koshi 0.7000 
skin 638 hara0 0.5600 koshi 0.4400 
skin 639 hara0 0.4500 hara1 0.5500 
skin 640 hara0 0.3600 hara1 0.6400 
skin 641 hara0 0.3700 hara1 0.6300 
skin 642 hara0 0.3500 hara1 0.6500 
skin 643 hara0 0.0400 hara1 0.2800 hara2 0.2100 mune 0.4700 
skin 644 hara1 0.1600 hara2 0.2100 mune 0.6300 
skin 645 hara1 0.1000 hara2 0.2100 mune 0.6900 
skin 646 hara0 0.0300 hara1 0.2700 hara2 0.2400 mune 0.4600 
skin 647 hara1 0.2400 hara2 0.2000 mune 0.5600 
skin 648 hara0 0.1700 hara1 0.5500 hara2 0.1000 mune 0.1800 
skin 649 hara0 0.0700 hara1 0.3300 hara2 0.1800 mune 0.4200 
skin 650 hara1 0.1900 hara2 0.2100 mune 0.6000 
skin 651 hara1 0.0300 hara2 0.2300 mune 0.7400 
skin 652 hara0 0.1200 koshi 0.8800 
skin 653 hara1 0.0300 hara2 0.2300 mune 0.7400 
skin 654 hara0 0.1200 koshi 0.8800 
skin 655 hara1 0.0300 hara2 0.2600 mune 0.7100 
skin 656 hara0 0.1400 koshi 0.8600 
skin 657 hara1 0.0300 hara2 0.2400 mune 0.7300 
skin 658 hara0 0.1200 koshi 0.8800 
skin 659 hara0 0.1200 hara1 0.7600 hara2 0.1200 
skin 660 hara1 0.0500 hara2 0.2500 mune 0.7000 
skin 661 hara0 0.1800 hara1 0.6600 hara2 0.1600 
skin 662 hara1 0.0300 hara2 0.2600 mune 0.7100 
skin 663 hara1 0.0300 hara2 0.2300 mune 0.7400 
skin 664 hara0 0.1900 hara1 0.7500 hara2 0.0600 
skin 665 hara2 0.0900 mune 0.9100 
skin 666 hara2 0.0800 mune 0.9200 
skin 667 hara2 0.0900 mune 0.9100 
skin 668 hara2 0.0700 mune 0.9300 
skin 669 hara1 0.0100 hara2 0.3500 mune 0.6400 
skin 670 hara2 0.3000 mune 0.7000 
skin 671 mune 1.0000 
skin 672 hara2 0.3100 mune 0.6900 
skin 673 hara2 0.3700 mune 0.6300 
skin 674 hara2 0.0900 mune 0.9100 
skin 675 hara2 0.0800 mune 0.9200 
skin 676 hara2 0.0700 mune 0.9300 
skin 677 hara2 0.0900 mune 0.9100 
skin 678 mune 1.0000 
skin 679 mune 1.0000 
skin 680 mune 1.0000 
skin 681 mune 1.0000 
skin 682 mune 1.0000 
skin 683 mune 1.0000 
skin 684 mune 1.0000 
skin 685 mune 1.0000 
skin 686 mune 1.0000 
skin 687 mune 1.0000 
skin 688 mune 1.0000 
skin 689 mune 1.0000 
skin 690 mune 1.0000 
skin 691 mune 1.0000 
skin 692 mune 1.0000 
skin 693 mune 0.9900 kata_l 0.0100 
skin 694 mune 1.0000 
skin 695 mune 1.0000 
skin 696 mune 1.0000 
skin 697 mune 1.0000 
skin 698 mune 1.0000 
skin 699 mune 1.0000 
skin 700 mune 1.0000 
skin 701 mune 1.0000 
skin 702 mune 1.0000 
skin 703 mune 1.0000 
skin 704 mune 1.0000 
skin 705 mune 1.0000 
skin 706 mune 1.0000 
skin 707 mune 1.0000 
skin 708 mune 1.0000 
skin 709 mune 1.0000 
skin 710 mune 1.0000 
skin 711 mune 1.0000 
skin 712 mune 1.0000 
skin 713 mune 1.0000 
skin 714 mune 1.0000 
skin 715 mune 1.0000 
skin 716 mune 1.0000 
skin 717 mune 1.0000 
skin 718 mune 1.0000 
skin 719 mune 1.0000 
skin 720 mune 1.0000 
skin 721 mune 1.0000 
skin 722 mune 1.0000 
skin 723 mune 1.0000 
skin 724 mune 1.0000 
skin 725 mune 1.0000 
skin 726 mune 1.0000 
skin 727 mune 1.0000 
skin 728 mune 1.0000 
skin 729 mune 1.0000 
skin 730 mune 1.0000 
skin 731 mune 1.0000 
skin 732 mune 1.0000 
skin 733 mune 1.0000 
skin 734 mune 1.0000 
skin 735 mune 1.0000 
skin 736 mune 1.0000 
skin 737 mune 1.0000 
skin 738 mune 1.0000 
skin 739 mune 1.0000 
skin 740 mune 1.0000 
skin 741 mune 1.0000 
skin 742 mune 1.0000 
skin 743 mune 1.0000 
skin 744 mune 1.0000 
skin 745 mune 1.0000 
skin 746 mune 1.0000 
skin 747 mune 1.0000 
skin 748 mune 1.0000 
skin 749 mune 1.0000 
skin 750 mune 1.0000 
skin 751 mune 1.0000 
skin 752 mune 1.0000 
skin 753 mune 1.0000 
skin 754 mune 1.0000 
skin 755 mune 1.0000 
skin 756 mune 1.0000 
skin 757 mune 1.0000 
skin 758 mune 1.0000 
skin 759 mune 1.0000 
skin 760 mune 1.0000 
skin 761 mune 1.0000 
skin 762 mune 1.0000 
skin 763 mune 1.0000 
skin 764 mune 1.0000 
skin 765 mune 1.0000 
skin 766 mune 1.0000 
skin 767 mune 1.0000 
skin 768 mune 1.0000 
skin 769 mune 1.0000 
skin 770 mune 1.0000 
skin 771 mune 1.0000 
skin 772 mune 1.0000 
skin 773 mune 1.0000 
skin 774 mune 1.0000 
skin 775 mune 1.0000 
skin 776 mune 1.0000 
skin 777 mune 1.0000 
skin 778 mune 1.0000 
skin 779 mune 1.0000 
skin 780 mune 1.0000 
skin 781 mune 1.0000 
skin 782 mune 1.0000 
skin 783 mune 1.0000 
skin 784 mune 1.0000 
skin 785 mune 1.0000 
skin 786 mune 1.0000 
skin 787 mune 1.0000 
skin 788 mune 1.0000 
skin 789 mune 1.0000 
skin 790 mune 1.0000 
skin 791 mune 1.0000 
skin 792 hara2 0.1600 mune 0.8400 
skin 793 mune 1.0000 
skin 794 mune 1.0000 
skin 795 mune 1.0000 
skin 796 mune 1.0000 
skin 797 mune 1.0000 
skin 798 mune 1.0000 
skin 799 mune 1.0000 
skin 800 mune 1.0000 
skin 801 mune 1.0000 
skin 802 mune 1.0000 
skin 803 hara2 0.1200 mune 0.8800 
skin 804 hara2 0.1200 mune 0.8800 
skin 805 hara2 0.0800 mune 0.9200 
skin 806 hara2 0.1100 mune 0.8900 
skin 807 hara2 0.0800 mune 0.9200 
skin 808 hara2 0.0800 mune 0.9200 
skin 809 hara2 0.0800 mune 0.9200 
skin 810 hara2 0.0400 mune 0.9600 
skin 811 hara2 0.0500 mune 0.9500 
skin 812 hara2 0.0500 mune 0.9500 
skin 813 hara2 0.0500 mune 0.9500 
skin 814 hara2 0.0500 mune 0.9500 
skin 815 hara2 0.2000 mune 0.8000 
skin 816 hara2 0.2500 mune 0.7500 
skin 817 hara2 0.4300 mune 0.5700 
skin 818 hara2 0.1200 mune 0.8800 
skin 819 mune 1.0000 
skin 820 hara0 0.0300 koshi 0.9700 
skin 821 hara0 0.0600 koshi 0.9400 
skin 822 hara0 0.0200 koshi 0.9800 
skin 823 hara0 0.0600 koshi 0.9400 
skin 824 hara0 0.7000 koshi 0.3000 
skin 825 hara0 0.0700 koshi 0.9300 
skin 826 hara0 0.6500 koshi 0.3500 
skin 827 hara0 0.0600 koshi 0.9400 
skin 828 koshi 0.9600 momo_r 0.0400 
skin 829 hara0 0.5600 hara1 0.4300 koshi 0.0100 
skin 830 hara0 0.6200 hara1 0.3500 koshi 0.0300 
skin 831 hara0 0.6300 hara1 0.3300 koshi 0.0400 
skin 832 hara0 0.5700 hara1 0.4100 koshi 0.0200 
skin 833 hara0 0.6500 hara1 0.2600 koshi 0.0900 
skin 834 hara0 0.6700 hara1 0.2600 koshi 0.0700 
skin 835 hara0 0.5000 koshi 0.5000 
skin 836 hara0 0.5000 koshi 0.5000 
skin 837 hara0 0.5000 koshi 0.5000 
skin 838 hara0 0.5000 koshi 0.5000 
skin 839 hara0 0.5000 koshi 0.5000 
skin 840 hara0 0.6800 hara1 0.2600 koshi 0.0600 
skin 841 hara0 0.7400 hara1 0.2600 
skin 842 hara0 0.5000 koshi 0.5000 
skin 843 hara0 0.5000 koshi 0.5000 
skin 844 hara0 0.5000 koshi 0.5000 
skin 845 hara0 0.5000 koshi 0.5000 
skin 846 hara0 0.5000 koshi 0.5000 
skin 847 hara0 0.2300 hara1 0.7200 hara2 0.0500 
skin 848 hara1 0.0800 hara2 0.2400 mune 0.6800 
skin 849 hara0 0.6400 hara1 0.2000 koshi 0.1600 
skin 850 hara0 0.5900 hara1 0.2700 koshi 0.1400 
skin 851 hara0 0.6000 hara1 0.2500 koshi 0.1500 
skin 852 hara0 0.6300 hara1 0.1900 koshi 0.1800 
skin 853 hara0 0.1900 koshi 0.8100 
skin 854 hara1 0.2600 hara2 0.1800 mune 0.5600 
skin 855 hara1 0.3900 hara2 0.2200 mune 0.3900 
skin 856 hara1 0.3000 hara2 0.1900 mune 0.5100 
skin 857 hara1 0.2500 hara2 0.2300 mune 0.5200 
skin 858 hara1 0.2000 hara2 0.1800 mune 0.6200 
skin 859 hara1 0.3100 hara2 0.2300 mune 0.4600 
skin 860 hara1 0.2400 hara2 0.2000 mune 0.5600 
skin 861 hara1 0.3900 hara2 0.2300 mune 0.3800 
skin 862 hara0 0.1600 hara1 0.8400 
skin 863 hara0 0.3300 hara1 0.6600 hara2 0.0100 
skin 864 hara0 0.1400 hara1 0.8600 
skin 865 hara0 0.3200 hara1 0.6800 
skin 866 hara0 0.2900 hara1 0.6000 mune 0.1100 
skin 867 hara0 0.2800 hara1 0.6000 mune 0.1200 
skin 868 hara0 0.3100 hara1 0.6000 mune 0.0900 
skin 869 hara0 0.2900 hara1 0.6000 mune 0.1100 
skin 870 hara0 0.5200 hara1 0.3700 koshi 0.1100 
skin 871 hara0 0.5100 hara1 0.4100 koshi 0.0800 
skin 872 hara0 0.5200 hara1 0.3800 koshi 0.1000 
skin 873 hara0 0.5200 hara1 0.3700 koshi 0.1100 
skin 874 hara0 0.6800 koshi 0.3200 
skin 875 jowan0_r 1.0000 
skin 876 jowan0_r 0.7700 jowan1_r 0.2300 
skin 877 jowan0_r 1.0000 
skin 878 jowan0_r 0.9300 jowan1_r 0.0700 
skin 879 jowan0_r 1.0000 
skin 880 jowan0_r 1.0000 
skin 881 jowan0_r 0.7100 jowan1_r 0.2900 
skin 882 jowan0_r 0.8900 jowan1_r 0.1100 
skin 883 jowan0_r 1.0000 
skin 884 jowan0_r 1.0000 
skin 885 jowan0_r 1.0000 
skin 886 jowan0_r 1.0000 
skin 887 jowan0_r 1.0000 
skin 888 jowan0_r 1.0000 
skin 889 jowan0_r 1.0000 
skin 890 jowan0_r 1.0000 
skin 891 jowan0_r 1.0000 
skin 892 jowan0_r 1.0000 
skin 893 jowan0_r 1.0000 
skin 894 jowan0_r 0.7400 jowan1_r 0.2600 
skin 895 jowan0_r 0.7600 jowan1_r 0.2400 
skin 896 jowan0_r 1.0000 
skin 897 jowan0_r 1.0000 
skin 898 jowan0_r 1.0000 
skin 899 jowan0_r 1.0000 
skin 900 jowan0_r 1.0000 
skin 901 jowan0_r 1.0000 
skin 902 jowan0_r 1.0000 
skin 903 jowan0_r 1.0000 
skin 904 jowan0_r 1.0000 
skin 905 jowan0_r 1.0000 
skin 906 jowan0_r 1.0000 
skin 907 jowan0_r 0.6700 jowan1_r 0.3300 
skin 908 jowan0_r 1.0000 
skin 909 jowan0_r 1.0000 
skin 910 jowan0_r 1.0000 
skin 911 jowan0_r 1.0000 
skin 912 hara0 0.1000 koshi 0.9000 
skin 913 jowan0_r 0.6500 jowan1_r 0.3500 
skin 914 jowan1_r 0.0500 jowan2_r 0.9500 
skin 915 jowan2_r 1.0000 
skin 916 jowan2_r 1.0000 
skin 917 jowan1_r 0.0600 jowan2_r 0.9400 
skin 918 jowan1_r 0.3500 jowan2_r 0.6500 
skin 919 jowan1_r 0.3500 jowan2_r 0.6500 
skin 920 jowan0_r 0.0200 jowan1_r 0.4500 jowan2_r 0.5300 
skin 921 jowan0_r 0.0100 jowan1_r 0.4000 jowan2_r 0.5900 
skin 922 jowan0_r 0.0100 jowan1_r 0.4100 jowan2_r 0.5800 
skin 923 jowan1_r 0.1400 jowan2_r 0.8600 
skin 924 jowan1_r 0.0800 jowan2_r 0.9200 
skin 925 jowan1_r 0.2000 jowan2_r 0.8000 
skin 926 jowan1_r 0.0800 jowan2_r 0.9200 
skin 927 jowan1_r 0.3100 jowan2_r 0.6900 
skin 928 jowan1_r 0.0900 jowan2_r 0.9100 
skin 929 jowan1_r 0.1300 jowan2_r 0.8700 
skin 930 jowan1_r 0.3000 jowan2_r 0.7000 
skin 931 jowan1_r 0.1800 jowan2_r 0.8200 
skin 932 jowan2_r 1.0000 
skin 933 jowan1_r 0.2500 jowan2_r 0.7500 
skin 934 jowan1_r 0.1800 jowan2_r 0.8200 
skin 935 jowan1_r 0.2300 jowan2_r 0.7700 
skin 936 mune 0.7200 kata_r 0.0800 jowan0_r 0.2000 
skin 937 mune 0.6300 kata_r 0.1700 jowan0_r 0.2000 
skin 938 mune 0.6000 kata_r 0.2000 jowan0_r 0.2000 
skin 939 mune 0.6800 kata_r 0.1200 jowan0_r 0.2000 
skin 940 mune 0.8500 kata_r 0.1500 
skin 941 mune 0.9200 kata_r 0.0800 
skin 942 mune 0.8100 kata_r 0.1900 
skin 943 mune 0.9400 kata_r 0.0600 
skin 944 hara1 0.0200 hara2 0.2400 mune 0.7400 
skin 945 hara1 0.0200 hara2 0.2400 mune 0.7400 
skin 946 hara1 0.0300 hara2 0.2100 mune 0.7600 
skin 947 hara1 0.0400 hara2 0.3600 mune 0.6000 
skin 948 hara1 0.0300 hara2 0.2800 mune 0.6900 
skin 949 hara1 0.0300 hara2 0.2500 mune 0.7200 
skin 950 hara1 0.0300 hara2 0.2500 mune 0.7200 
skin 951 hara1 0.0200 hara2 0.1900 mune 0.7900 
skin 952 kata_l 0.8000 jowan0_l 0.2000 
skin 953 mune 0.0500 kata_l 0.9500 
skin 954 kata_l 0.8000 jowan0_l 0.2000 
skin 955 mune 0.0500 kata_l 0.9500 
skin 956 kata_l 0.8000 jowan0_l 0.2000 
skin 957 mune 0.1000 kata_l 0.9000 
skin 958 kata_l 0.8000 jowan0_l 0.2000 
skin 959 mune 0.0800 kata_l 0.9200 
skin 960 mune 0.2700 kata_l 0.7300 
skin 961 mune 0.3400 kata_l 0.6600 
skin 962 mune 0.3800 kata_l 0.6200 
skin 963 mune 0.2700 kata_l 0.7300 
skin 964 kata_l 0.8000 jowan0_l 0.2000 
skin 965 kata_l 0.8000 jowan0_l 0.2000 
skin 966 kata_l 0.8000 jowan0_l 0.2000 
skin 967 kata_l 0.8000 jowan0_l 0.2000 
skin 968 kata_l 0.8000 jowan0_l 0.2000 
