joints Boot 0.00009966 0.18556500 0.24074580
joints Spine 0.00009966 0.17913200 0.28729420
joints L_Thigh -0.05309390 0.18556500 0.24074580
joints R_Thigh 0.05329320 0.18556500 0.24074580
joints Tail1 0.00000000 0.18832000 0.14529400
joints Spine1 0.00009961 0.20290100 0.32845030
joints L_Calf -0.04662280 0.07035860 0.22166750
joints R_Calf 0.04682240 0.07035860 0.22166750
joints Tail2 -0.00000010 0.19432200 0.04502000
joints Neck 0.00009955 0.24118100 0.35577910
joints L_Foot -0.04660850 0.02741720 0.24037910
joints R_Foot 0.04680820 0.02741720 0.24037900
joints Tail3 -0.00000018 0.19877800 -0.03826900
joints Neck2 0.00009954 0.25594800 0.36843910
joints L_Clavicle -0.07049290 0.23038500 0.28964316
joints R_Clavicle 0.07069220 0.23038500 0.28964287
joints L_Toe1 -0.06231140 0.01623461 0.26256720
joints L_Toe3 -0.04731840 0.01690120 0.26497990
joints L_Toe5 -0.03193340 0.01260497 0.26460330
joints R_Toe1 0.06251120 0.01623465 0.26256730
joints R_Toe3 0.04751820 0.01690120 0.26497990
joints R_Toe5 0.03213320 0.01260491 0.26460320
joints Tail4 -0.00000028 0.20489900 -0.13390500
joints Head 0.00009950 0.26217900 0.35066170
joints L_Forearm -0.15297400 0.25389400 0.29439580
joints R_Forearm 0.15317400 0.25389500 0.29439557
joints L_Toe2 -0.06802350 0.01469588 0.28227310
joints L_Toe4 -0.04759100 0.01495718 0.29471879
joints L_Toe6 -0.02616590 0.01398577 0.28481750
joints R_Toe2 0.06822320 0.01469596 0.28227310
joints R_Toe4 0.04779070 0.01495719 0.29471875
joints R_Toe6 0.02636560 0.01398571 0.28481740
joints Tail5 -0.00000037 0.21051600 -0.22352000
joints Mouth -0.00000043 0.25574300 0.41753200
joints L_Hand -0.23444200 0.26971500 0.30550133
joints R_Hand 0.23464100 0.26971600 0.30550117
joints Tail6 -0.00000046 0.21728800 -0.31830300
joints L_Finger1 -0.30076900 0.29392200 0.35077710
joints R_Finger1 0.30096800 0.29392300 0.35077700
joints Tail7 -0.00000058 0.22020100 -0.39425000
joints L_Finger2 -0.36422100 0.31571900 0.40448800
joints R_Finger2 0.36442000 0.31572000 0.40448800
root Boot
skin 0 Head 1.0000 
skin 1 Head 1.0000 
skin 2 Head 1.0000 
skin 3 Head 1.0000 
skin 4 Head 1.0000 
skin 5 Head 1.0000 
skin 6 Head 1.0000 
skin 7 Head 1.0000 
skin 8 Head 1.0000 
skin 9 Head 1.0000 
skin 10 Head 1.0000 
skin 11 Head 1.0000 
skin 12 Head 1.0000 
skin 13 Head 1.0000 
skin 14 Head 1.0000 
skin 15 Head 1.0000 
skin 16 Head 1.0000 
skin 17 Head 1.0000 
skin 18 Head 1.0000 
skin 19 Head 1.0000 
skin 20 Head 1.0000 
skin 21 Head 1.0000 
skin 22 Head 1.0000 
skin 23 Head 1.0000 
skin 24 Head 1.0000 
skin 25 Head 1.0000 
skin 26 Head 1.0000 
skin 27 Head 1.0000 
skin 28 Head 1.0000 
skin 29 Head 1.0000 
skin 30 Head 1.0000 
skin 31 Head 1.0000 
skin 32 Spine 0.2800 Spine1 0.5100 Head 0.2100 
skin 33 Spine 0.2673 Spine1 0.4752 Head 0.2574 
skin 34 Head 1.0000 
skin 35 Head 1.0000 
skin 36 Head 1.0000 
skin 37 Head 1.0000 
skin 38 Head 1.0000 
skin 39 Head 1.0000 
skin 40 Head 1.0000 
skin 41 Head 1.0000 
skin 42 Head 1.0000 
skin 43 Head 1.0000 
skin 44 Head 1.0000 
skin 45 Head 1.0000 
skin 46 Head 1.0000 
skin 47 Head 1.0000 
skin 48 Head 1.0000 
skin 49 Head 1.0000 
skin 50 Head 1.0000 
skin 51 Head 1.0000 
skin 52 Head 1.0000 
skin 53 Head 1.0000 
skin 54 Spine1 0.4100 Head 0.4100 Mouth 0.1800 
skin 55 Spine 0.1414 Spine1 0.4242 Head 0.4343 
skin 56 Head 1.0000 
skin 57 Head 1.0000 
skin 58 Head 1.0000 
skin 59 Head 1.0000 
skin 60 Head 1.0000 
skin 61 Head 1.0000 
skin 62 Head 1.0000 
skin 63 Head 1.0000 
skin 64 Head 1.0000 
skin 65 Head 1.0000 
skin 66 Head 1.0000 
skin 67 Head 1.0000 
skin 68 Head 1.0000 
skin 69 Head 1.0000 
skin 70 Head 1.0000 
skin 71 Head 1.0000 
skin 72 Head 1.0000 
skin 73 Head 1.0000 
skin 74 Head 1.0000 
skin 75 Head 1.0000 
skin 76 Head 1.0000 
skin 77 Head 1.0000 
skin 78 Head 1.0000 
skin 79 Head 1.0000 
skin 80 Head 1.0000 
skin 81 Head 1.0000 
skin 82 Head 1.0000 
skin 83 Head 1.0000 
skin 84 Head 1.0000 
skin 85 Head 1.0000 
skin 86 Head 1.0000 
skin 87 Head 1.0000 
skin 88 Head 1.0000 
skin 89 Head 1.0000 
skin 90 Head 1.0000 
skin 91 Head 1.0000 
skin 92 Head 1.0000 
skin 93 Head 1.0000 
skin 94 Head 1.0000 
skin 95 Head 1.0000 
skin 96 Head 1.0000 
skin 97 Head 1.0000 
skin 98 Head 1.0000 
skin 99 Head 1.0000 
skin 100 Head 1.0000 
skin 101 Head 1.0000 
skin 102 Head 1.0000 
skin 103 Head 1.0000 
skin 104 Head 1.0000 
skin 105 Head 1.0000 
skin 106 Head 1.0000 
skin 107 Head 1.0000 
skin 108 Head 1.0000 
skin 109 Head 1.0000 
skin 110 Head 1.0000 
skin 111 Head 1.0000 
skin 112 Head 1.0000 
skin 113 Head 1.0000 
skin 114 Head 1.0000 
skin 115 Head 1.0000 
skin 116 Head 1.0000 
skin 117 Head 1.0000 
skin 118 Head 1.0000 
skin 119 Head 1.0000 
skin 120 Head 1.0000 
skin 121 Head 1.0000 
skin 122 Head 1.0000 
skin 123 Head 1.0000 
skin 124 Head 1.0000 
skin 125 Head 1.0000 
skin 126 Head 1.0000 
skin 127 Head 1.0000 
skin 128 Head 1.0000 
skin 129 Head 1.0000 
skin 130 Head 1.0000 
skin 131 Head 1.0000 
skin 132 Head 1.0000 
skin 133 Head 1.0000 
skin 134 Head 1.0000 
skin 135 Head 1.0000 
skin 136 Head 1.0000 
skin 137 Head 1.0000 
skin 138 Head 1.0000 
skin 139 Head 1.0000 
skin 140 Head 1.0000 
skin 141 Head 1.0000 
skin 142 Head 1.0000 
skin 143 Head 1.0000 
skin 144 Head 1.0000 
skin 145 Head 1.0000 
skin 146 Head 1.0000 
skin 147 Spine 0.1485 Spine1 0.4257 Head 0.4257 
skin 148 Spine 0.1400 Spine1 0.4300 Head 0.4300 
skin 149 Head 1.0000 
skin 150 Head 1.0000 
skin 151 Head 1.0000 
skin 152 Spine1 0.3030 Head 0.4444 Mouth 0.2525 
skin 153 Spine1 0.3900 Head 0.4600 Mouth 0.1500 
skin 154 Head 1.0000 
skin 155 Head 1.0000 
skin 156 Head 1.0000 
skin 157 Head 1.0000 
skin 158 Head 1.0000 
skin 159 Head 1.0000 
skin 160 Head 1.0000 
skin 161 Head 1.0000 
skin 162 Head 1.0000 
skin 163 Head 1.0000 
skin 164 Head 1.0000 
skin 165 Head 1.0000 
skin 166 Head 1.0000 
skin 167 Head 1.0000 
skin 168 Head 1.0000 
skin 169 Head 1.0000 
skin 170 Spine 0.3000 Spine1 0.3700 Head 0.3300 
skin 171 Head 1.0000 
skin 172 Head 1.0000 
skin 173 Head 1.0000 
skin 174 Head 1.0000 
skin 175 Head 1.0000 
skin 176 Spine 0.3100 Spine1 0.4100 Head 0.2800 
skin 177 Spine 0.3100 Spine1 0.4500 L_Clavicle 0.2400 
skin 178 Head 1.0000 
skin 179 Head 1.0000 
skin 180 Head 1.0000 
skin 181 Head 1.0000 
skin 182 Head 1.0000 
skin 183 Head 1.0000 
skin 184 Head 1.0000 
skin 185 Head 1.0000 
skin 186 Head 1.0000 
skin 187 Head 1.0000 
skin 188 Spine 0.2222 Spine1 0.4242 Head 0.3535 
skin 189 Head 1.0000 
skin 190 Head 1.0000 
skin 191 Head 1.0000 
skin 192 Head 1.0000 
skin 193 Head 1.0000 
skin 194 Head 1.0000 
skin 195 Head 1.0000 
skin 196 Head 1.0000 
skin 197 Head 1.0000 
skin 198 Head 1.0000 
skin 199 Head 1.0000 
skin 200 Head 1.0000 
skin 201 Head 1.0000 
skin 202 Head 1.0000 
skin 203 Head 1.0000 
skin 204 Head 1.0000 
skin 205 Head 1.0000 
skin 206 Head 1.0000 
skin 207 Head 1.0000 
skin 208 Head 1.0000 
skin 209 Head 1.0000 
skin 210 Head 1.0000 
skin 211 Head 1.0000 
skin 212 Head 1.0000 
skin 213 Head 1.0000 
skin 214 Head 1.0000 
skin 215 Head 1.0000 
skin 216 Head 1.0000 
skin 217 Head 1.0000 
skin 218 Head 1.0000 
skin 219 Head 1.0000 
skin 220 Head 1.0000 
skin 221 Head 1.0000 
skin 222 Head 1.0000 
skin 223 Head 1.0000 
skin 224 Head 1.0000 
skin 225 Head 1.0000 
skin 226 Head 1.0000 
skin 227 Head 1.0000 
skin 228 Head 1.0000 
skin 229 Head 1.0000 
skin 230 Head 1.0000 
skin 231 Head 1.0000 
skin 232 Head 1.0000 
skin 233 Head 1.0000 
skin 234 Head 1.0000 
skin 235 Head 1.0000 
skin 236 Head 1.0000 
skin 237 Head 1.0000 
skin 238 Head 1.0000 
skin 239 Head 1.0000 
skin 240 Head 1.0000 
skin 241 Head 1.0000 
skin 242 Head 1.0000 
skin 243 Head 1.0000 
skin 244 Head 1.0000 
skin 245 Head 1.0000 
skin 246 Head 1.0000 
skin 247 Head 1.0000 
skin 248 Head 1.0000 
skin 249 Head 1.0000 
skin 250 Head 1.0000 
skin 251 Head 1.0000 
skin 252 Head 1.0000 
skin 253 Head 1.0000 
skin 254 Head 1.0000 
skin 255 Head 1.0000 
skin 256 Head 1.0000 
skin 257 Head 1.0000 
skin 258 Head 1.0000 
skin 259 Head 1.0000 
skin 260 Head 1.0000 
skin 261 Head 1.0000 
skin 262 Head 1.0000 
skin 263 Head 1.0000 
skin 264 Head 1.0000 
skin 265 Head 1.0000 
skin 266 Spine 0.1414 Spine1 0.4242 Head 0.4343 
skin 267 Head 1.0000 
skin 268 Head 1.0000 
skin 269 Head 1.0000 
skin 270 Head 1.0000 
skin 271 Spine 0.1400 Spine1 0.4300 Head 0.4300 
skin 272 Spine 0.1400 Spine1 0.4300 Head 0.4300 
skin 273 Head 1.0000 
skin 274 Head 1.0000 
skin 275 Head 1.0000 
skin 276 Head 1.0000 
skin 277 Head 1.0000 
skin 278 Tail7 1.0000 
skin 279 Tail6 0.0100 Tail7 0.9900 
skin 280 Tail6 0.0100 Tail7 0.9900 
skin 281 Tail7 1.0000 
skin 282 Tail7 1.0000 
skin 283 Tail7 1.0000 
skin 284 Tail7 1.0000 
skin 285 Tail7 1.0000 
skin 286 Tail7 1.0000 
skin 287 Tail7 1.0000 
skin 288 Tail7 1.0000 
skin 289 Tail7 1.0000 
skin 290 Tail7 1.0000 
skin 291 Tail7 1.0000 
skin 292 Tail7 1.0000 
skin 293 Tail7 1.0000 
skin 294 Tail7 1.0000 
skin 295 Tail7 1.0000 
skin 296 Tail7 1.0000 
skin 297 Tail6 0.0100 Tail7 0.9900 
skin 298 Tail7 1.0000 
skin 299 Tail6 0.0100 Tail7 0.9900 
skin 300 Tail7 1.0000 
skin 301 Tail7 1.0000 
skin 302 Tail7 1.0000 
skin 303 Tail7 1.0000 
skin 304 Tail7 1.0000 
skin 305 Tail7 1.0000 
skin 306 Tail7 1.0000 
skin 307 R_Finger1 0.1100 R_Finger2 0.8900 
skin 308 R_Finger1 0.2600 R_Finger2 0.7400 
skin 309 R_Finger1 0.1100 R_Finger2 0.8900 
skin 310 R_Finger1 0.2700 R_Finger2 0.7300 
skin 311 R_Finger1 0.2400 R_Finger2 0.7600 
skin 312 R_Hand 0.0100 R_Finger1 0.3600 R_Finger2 0.6300 
skin 313 R_Hand 0.0100 R_Finger1 0.3500 R_Finger2 0.6400 
skin 314 R_Finger1 0.3400 R_Finger2 0.6600 
skin 315 R_Finger1 0.3333 R_Finger2 0.6667 
skin 316 R_Finger1 0.2300 R_Finger2 0.7700 
skin 317 R_Finger1 0.0900 R_Finger2 0.9100 
skin 318 R_Finger1 0.1000 R_Finger2 0.9000 
skin 319 R_Finger1 0.0700 R_Finger2 0.9300 
skin 320 R_Finger1 0.0600 R_Finger2 0.9400 
skin 321 R_Finger1 0.1700 R_Finger2 0.8300 
skin 322 R_Finger1 0.2400 R_Finger2 0.7600 
skin 323 R_Finger1 0.1700 R_Finger2 0.8300 
skin 324 R_Finger1 0.1200 R_Finger2 0.8800 
skin 325 R_Finger1 0.0800 R_Finger2 0.9200 
skin 326 R_Finger1 0.1100 R_Finger2 0.8900 
skin 327 R_Finger1 0.1800 R_Finger2 0.8200 
skin 328 R_Finger1 0.1300 R_Finger2 0.8700 
skin 329 R_Finger1 0.1800 R_Finger2 0.8200 
skin 330 R_Finger1 0.2400 R_Finger2 0.7600 
skin 331 R_Finger1 0.1000 R_Finger2 0.9000 
skin 332 R_Finger1 0.0800 R_Finger2 0.9200 
skin 333 R_Finger1 0.2400 R_Finger2 0.7600 
skin 334 R_Finger1 0.2600 R_Finger2 0.7400 
skin 335 R_Hand 0.0100 R_Finger1 0.3500 R_Finger2 0.6400 
skin 336 R_Hand 0.0100 R_Finger1 0.3700 R_Finger2 0.6200 
skin 337 R_Toe2 1.0000 
skin 338 Spine 0.0100 R_Toe2 0.9900 
skin 339 Spine 0.0100 R_Toe1 0.0500 R_Toe2 0.9400 
skin 340 Spine 0.0100 R_Toe2 0.9900 
skin 341 R_Toe2 1.0000 
skin 342 R_Toe2 1.0000 
skin 343 Spine 0.0100 R_Toe2 0.9900 
skin 344 Spine 0.0202 R_Toe2 0.9798 
skin 345 Spine 0.0300 R_Toe1 0.0500 R_Toe2 0.9200 
skin 346 Spine 0.5000 Spine1 0.5000 
skin 347 Spine 0.4800 Spine1 0.4800 R_Clavicle 0.0400 
skin 348 Spine 0.5000 Spine1 0.5000 
skin 349 Spine 0.5000 Spine1 0.5000 
skin 350 Spine 0.4900 Spine1 0.5100 
skin 351 Spine 0.4600 Spine1 0.5400 
skin 352 Spine 0.4700 Spine1 0.4800 R_Clavicle 0.0500 
skin 353 Spine 0.4600 Spine1 0.5400 
skin 354 Spine 0.4900 Spine1 0.5100 
skin 355 Spine 0.4900 Spine1 0.5000 R_Clavicle 0.0100 
skin 356 Spine 0.4900 Spine1 0.5100 
skin 357 Spine 0.4600 Spine1 0.5400 
skin 358 Spine 0.4300 Spine1 0.4500 R_Clavicle 0.1200 
skin 359 Spine 0.4500 Spine1 0.4700 R_Clavicle 0.0800 
skin 360 Spine 0.4600 Spine1 0.5400 
skin 361 Spine 0.3500 Spine1 0.5000 Head 0.1500 
skin 362 Spine 0.3400 Spine1 0.4900 Head 0.1700 
skin 363 Spine 0.4900 Spine1 0.5100 
skin 364 Spine 0.4900 Spine1 0.5100 
skin 365 Spine 0.4900 Spine1 0.5100 
skin 366 Spine 0.4900 Spine1 0.5100 
skin 367 Spine 0.4600 Spine1 0.5400 
skin 368 Spine 0.4900 Spine1 0.5100 
skin 369 Spine 0.4900 Spine1 0.5100 
skin 370 Spine 0.5100 Spine1 0.4900 
skin 371 Spine 0.4900 Spine1 0.5100 
skin 372 Spine 0.5100 Spine1 0.4900 
skin 373 Spine 0.4300 Spine1 0.5000 R_Clavicle 0.0700 
skin 374 Spine 0.3762 Spine1 0.5050 Head 0.1188 
skin 375 Spine 0.3700 Spine1 0.5100 Head 0.1200 
skin 376 Spine 0.3600 Spine1 0.5100 Head 0.1300 
skin 377 Spine 0.4500 Spine1 0.4500 Head 0.1000 
skin 378 Spine 0.4500 Spine1 0.4500 Head 0.1000 
skin 379 R_Toe2 1.0000 
skin 380 Spine 0.0100 R_Toe2 0.9900 
skin 381 Spine 0.0100 R_Toe2 0.9900 
skin 382 Spine 0.0100 R_Toe2 0.9900 
skin 383 R_Toe2 1.0000 
skin 384 R_Toe2 1.0000 
skin 385 R_Toe2 1.0000 
skin 386 R_Toe2 1.0000 
skin 387 R_Toe2 0.9800 R_Toe4 0.0200 
skin 388 Spine 0.0100 R_Toe2 0.9400 R_Toe4 0.0500 
skin 389 L_Finger1 0.1000 L_Finger2 0.9000 
skin 390 L_Finger1 0.2700 L_Finger2 0.7300 
skin 391 L_Finger1 0.1100 L_Finger2 0.8900 
skin 392 L_Finger1 0.2600 L_Finger2 0.7400 
skin 393 L_Finger1 0.0700 L_Finger2 0.9300 
skin 394 L_Finger1 0.2300 L_Finger2 0.7700 
skin 395 L_Finger1 0.2400 L_Finger2 0.7600 
skin 396 L_Finger1 0.1000 L_Finger2 0.9000 
skin 397 L_Finger1 0.0900 L_Finger2 0.9100 
skin 398 L_Finger1 0.1700 L_Finger2 0.8300 
skin 399 L_Finger1 0.1700 L_Finger2 0.8300 
skin 400 L_Finger1 0.2400 L_Finger2 0.7600 
skin 401 L_Finger1 0.1100 L_Finger2 0.8900 
skin 402 L_Finger1 0.1100 L_Finger2 0.8900 
skin 403 L_Finger1 0.3636 L_Finger2 0.6364 
skin 404 L_Finger1 0.2600 L_Finger2 0.7400 
skin 405 L_Finger1 0.1800 L_Finger2 0.8200 
skin 406 L_Finger1 0.1300 L_Finger2 0.8700 
skin 407 L_Finger1 0.0800 L_Finger2 0.9200 
skin 408 L_Finger1 0.1800 L_Finger2 0.8200 
skin 409 L_Finger1 0.2400 L_Finger2 0.7600 
skin 410 L_Hand 0.0200 L_Finger1 0.4400 L_Finger2 0.5400 
skin 411 L_Finger1 0.1000 L_Finger2 0.9000 
skin 412 L_Finger1 0.0800 L_Finger2 0.9200 
skin 413 L_Finger1 0.0600 L_Finger2 0.9400 
skin 414 L_Finger1 0.2400 L_Finger2 0.7600 
skin 415 L_Hand 0.0099 L_Finger1 0.3465 L_Finger2 0.6436 
skin 416 L_Finger1 0.3333 L_Finger2 0.6667 
skin 417 Spine 0.0100 L_Toe2 0.9900 
skin 418 Spine 0.0099 L_Toe1 0.0495 L_Toe2 0.9406 
skin 419 Spine 0.0100 L_Toe2 0.9900 
skin 420 L_Toe2 1.0000 
skin 421 L_Toe2 1.0000 
skin 422 L_Toe2 1.0000 
skin 423 Spine 0.0300 L_Toe1 0.0500 L_Toe2 0.9200 
skin 424 Spine 0.0200 L_Toe2 0.9800 
skin 425 Spine 0.5000 Spine1 0.5000 
skin 426 Spine 0.4800 Spine1 0.4800 L_Clavicle 0.0400 
skin 427 Spine 0.4600 Spine1 0.5400 
skin 428 Spine 0.4700 Spine1 0.4800 L_Clavicle 0.0500 
skin 429 Spine 0.4500 Spine1 0.4700 L_Clavicle 0.0800 
skin 430 Spine 0.4600 Spine1 0.5400 
skin 431 Spine 0.4900 Spine1 0.5100 
skin 432 Spine 0.4600 Spine1 0.5400 
skin 433 Spine 0.4900 Spine1 0.5100 
skin 434 Spine 0.4900 Spine1 0.5100 
skin 435 Spine 0.4900 Spine1 0.5000 L_Clavicle 0.0100 
skin 436 Spine 0.4600 Spine1 0.5400 
skin 437 Spine 0.3500 Spine1 0.5000 Head 0.1500 
skin 438 Spine 0.3400 Spine1 0.4900 Head 0.1700 
skin 439 Spine 0.3400 Spine1 0.4900 Head 0.1700 
skin 440 Spine 0.4900 Spine1 0.5100 
skin 441 Spine 0.4851 Spine1 0.5050 L_Clavicle 0.0099 
skin 442 Spine 0.4900 Spine1 0.5100 
skin 443 Spine 0.5100 Spine1 0.4900 
skin 444 Spine 0.4900 Spine1 0.5100 
skin 445 Spine 0.4900 Spine1 0.5100 
skin 446 L_Toe2 1.0000 
skin 447 Spine 0.0100 L_Toe2 0.9900 
skin 448 Spine 0.0100 L_Toe2 0.9900 
skin 449 Spine 0.0100 L_Toe2 0.9900 
skin 450 L_Toe2 1.0000 
skin 451 L_Toe2 1.0000 
skin 452 L_Toe2 1.0000 
skin 453 L_Toe2 1.0000 
skin 454 L_Toe2 0.9798 L_Toe4 0.0202 
skin 455 Spine 0.0100 L_Toe2 0.9300 L_Toe4 0.0600 
skin 456 Tail2 0.2400 Tail3 0.7600 
skin 457 Tail2 0.0600 Tail3 0.9400 
skin 458 Tail2 0.2400 Tail3 0.7600 
skin 459 Tail2 0.0700 Tail3 0.9300 
skin 460 Tail2 0.2500 Tail3 0.7500 
skin 461 Tail2 0.0707 Tail3 0.9293 
skin 462 Tail2 0.6300 Tail3 0.3700 
skin 463 Tail2 0.6400 Tail3 0.3600 
skin 464 Tail3 0.8200 Tail4 0.1800 
skin 465 Tail3 0.9596 Tail4 0.0404 
skin 466 Tail3 0.9500 Tail4 0.0500 
skin 467 Tail3 0.8100 Tail4 0.1900 
skin 468 Tail3 0.8300 Tail4 0.1700 
skin 469 Tail3 0.9596 Tail4 0.0404 
skin 470 Tail2 0.6500 Tail3 0.3500 
skin 471 Tail3 0.5100 Tail4 0.4900 
skin 472 Tail3 0.5100 Tail4 0.4900 
skin 473 Tail3 0.5100 Tail4 0.4900 
skin 474 Tail3 0.2000 Tail4 0.8000 
skin 475 Tail3 0.2000 Tail4 0.8000 
skin 476 Tail3 0.2100 Tail4 0.7900 
skin 477 Tail1 0.6300 Tail2 0.3700 
skin 478 Tail1 0.2600 Tail2 0.7400 
skin 479 Tail1 0.2600 Tail2 0.7400 
skin 480 Tail1 0.8900 Tail2 0.1100 
skin 481 Tail1 0.6300 Tail2 0.3700 
skin 482 Tail1 0.8900 Tail2 0.1100 
skin 483 Tail1 0.6300 Tail2 0.3700 
skin 484 Tail1 0.8800 Tail2 0.1200 
skin 485 Tail4 0.5300 Tail5 0.4700 
skin 486 Tail4 0.8000 Tail5 0.2000 
skin 487 Tail4 0.7900 Tail5 0.2100 
skin 488 Tail4 0.5300 Tail5 0.4700 
skin 489 Spine 0.0200 Tail1 0.9800 
skin 490 Tail1 0.9899 Tail2 0.0101 
skin 491 Tail1 0.9899 Tail2 0.0101 
skin 492 Spine 0.0200 Tail1 0.9800 
skin 493 Tail1 0.9800 Tail2 0.0200 
skin 494 Tail4 0.2200 Tail5 0.7800 
skin 495 Tail4 0.2200 Tail5 0.7800 
skin 496 Tail4 0.2300 Tail5 0.7700 
skin 497 Tail4 0.5300 Tail5 0.4700 
skin 498 Spine 0.0200 Tail1 0.9800 
skin 499 Tail4 0.0900 Tail5 0.9100 
skin 500 Tail4 0.0900 Tail5 0.9100 
skin 501 Tail4 0.0900 Tail5 0.9100 
skin 502 Tail4 0.0200 Tail5 0.9700 Tail6 0.0100 
skin 503 Tail4 0.0200 Tail5 0.9700 Tail6 0.0100 
skin 504 Tail5 0.7800 Tail6 0.2200 
skin 505 Tail5 0.9300 Tail6 0.0700 
skin 506 Tail5 0.9200 Tail6 0.0800 
skin 507 Tail5 0.7900 Tail6 0.2100 
skin 508 Tail5 0.8000 Tail6 0.2000 
skin 509 Tail5 0.5000 Tail6 0.5000 
skin 510 Tail5 0.5000 Tail6 0.5000 
skin 511 Tail5 0.5000 Tail6 0.5000 
skin 512 Tail5 0.2376 Tail6 0.7525 Tail7 0.0099 
skin 513 Tail5 0.2376 Tail6 0.7525 Tail7 0.0099 
skin 514 Tail5 0.2400 Tail6 0.7500 Tail7 0.0100 
skin 515 Tail6 0.5000 Tail7 0.5000 
skin 516 Tail6 0.7576 Tail7 0.2424 
skin 517 Tail6 0.7500 Tail7 0.2500 
skin 518 Tail6 0.5000 Tail7 0.5000 
skin 519 Tail6 0.5000 Tail7 0.5000 
skin 520 Tail6 0.7500 Tail7 0.2500 
skin 521 Tail6 0.2100 Tail7 0.7900 
skin 522 Tail6 0.2100 Tail7 0.7900 
skin 523 Tail6 0.2200 Tail7 0.7800 
skin 524 Tail6 0.0800 Tail7 0.9200 
skin 525 Tail6 0.0800 Tail7 0.9200 
skin 526 Tail6 0.0800 Tail7 0.9200 
skin 527 Tail6 0.0100 Tail7 0.9900 
skin 528 Tail4 0.1000 Tail5 0.9000 
skin 529 Tail4 0.0200 Tail5 0.9700 Tail6 0.0100 
skin 530 Tail4 0.0200 Tail5 0.9700 Tail6 0.0100 
skin 531 Tail4 0.1000 Tail5 0.9000 
skin 532 Tail4 0.2400 Tail5 0.7600 
skin 533 Tail4 0.2400 Tail5 0.7600 
skin 534 Tail5 0.4900 Tail6 0.5100 
skin 535 Tail5 0.7800 Tail6 0.2200 
skin 536 Tail5 0.7800 Tail6 0.2200 
skin 537 Tail5 0.4900 Tail6 0.5100 
skin 538 Tail5 0.2475 Tail6 0.7426 Tail7 0.0099 
skin 539 Tail4 0.5300 Tail5 0.4700 
skin 540 Tail4 0.5300 Tail5 0.4700 
skin 541 Tail5 0.2475 Tail6 0.7426 Tail7 0.0099 
skin 542 Tail4 0.7800 Tail5 0.2200 
skin 543 Tail4 0.7800 Tail5 0.2200 
skin 544 Tail4 0.7800 Tail5 0.2200 
skin 545 Tail6 0.5100 Tail7 0.4900 
skin 546 Tail6 0.7475 Tail7 0.2525 
skin 547 Tail6 0.7475 Tail7 0.2525 
skin 548 Tail6 0.2200 Tail7 0.7800 
skin 549 Tail6 0.5100 Tail7 0.4900 
skin 550 Tail3 0.5100 Tail4 0.4900 
skin 551 Tail3 0.2121 Tail4 0.7879 
skin 552 Tail3 0.5000 Tail4 0.5000 
skin 553 Tail3 0.2100 Tail4 0.7900 
skin 554 Tail6 0.0900 Tail7 0.9100 
skin 555 Tail6 0.2300 Tail7 0.7700 
skin 556 Tail3 0.8100 Tail4 0.1900 
skin 557 Tail3 0.8100 Tail4 0.1900 
skin 558 Tail6 0.0100 Tail7 0.9900 
skin 559 Tail6 0.0900 Tail7 0.9100 
skin 560 Tail3 0.9500 Tail4 0.0500 
skin 561 Tail6 0.0200 Tail7 0.9800 
skin 562 Tail1 0.6300 Tail2 0.3700 
skin 563 Tail1 0.2600 Tail2 0.7400 
skin 564 Tail1 0.2700 Tail2 0.7300 
skin 565 Tail1 0.6300 Tail2 0.3700 
skin 566 Tail1 0.8800 Tail2 0.1200 
skin 567 Tail1 0.8800 Tail2 0.1200 
skin 568 Spine 0.0200 Tail1 0.9800 
skin 569 Tail1 0.9800 Tail2 0.0200 
skin 570 Tail1 0.9800 Tail2 0.0200 
skin 571 Spine 0.0300 Tail1 0.9700 
skin 572 Spine 0.2200 Tail1 0.7400 Spine1 0.0400 
skin 573 Spine 0.2200 Tail1 0.7500 Spine1 0.0300 
skin 574 Tail3 0.9596 Tail4 0.0404 
skin 575 Tail2 0.6400 Tail3 0.3600 
skin 576 Tail2 0.2400 Tail3 0.7600 
skin 577 Tail3 0.8200 Tail4 0.1800 
skin 578 Tail3 0.9500 Tail4 0.0500 
skin 579 Tail3 0.8100 Tail4 0.1900 
skin 580 Tail3 0.5100 Tail4 0.4900 
skin 581 Tail3 0.5100 Tail4 0.4900 
skin 582 Tail3 0.2000 Tail4 0.8000 
skin 583 Tail3 0.2100 Tail4 0.7900 
skin 584 Tail1 0.2600 Tail2 0.7400 
skin 585 Tail1 0.2600 Tail2 0.7400 
skin 586 Tail1 0.6300 Tail2 0.3700 
skin 587 Tail1 0.2600 Tail2 0.7400 
skin 588 Tail1 0.8900 Tail2 0.1100 
skin 589 Tail1 0.6300 Tail2 0.3700 
skin 590 Tail4 0.7900 Tail5 0.2100 
skin 591 Tail1 0.8800 Tail2 0.1200 
skin 592 Tail1 0.9899 Tail2 0.0101 
skin 593 Tail4 0.5300 Tail5 0.4700 
skin 594 Tail4 0.5300 Tail5 0.4700 
skin 595 Tail4 0.7800 Tail5 0.2200 
skin 596 Spine 0.0200 Tail1 0.9800 
skin 597 Spine 0.2300 Tail1 0.7400 Spine1 0.0300 
skin 598 Tail1 0.9800 Tail2 0.0200 
skin 599 Tail4 0.2200 Tail5 0.7800 
skin 600 Tail4 0.2300 Tail5 0.7700 
skin 601 Spine 0.2300 Tail1 0.7400 Spine1 0.0300 
skin 602 Tail4 0.0900 Tail5 0.9100 
skin 603 Tail4 0.0900 Tail5 0.9100 
skin 604 Tail5 0.7900 Tail6 0.2100 
skin 605 Tail5 0.7800 Tail6 0.2200 
skin 606 Tail5 0.9200 Tail6 0.0800 
skin 607 Tail5 0.9300 Tail6 0.0700 
skin 608 Tail5 0.5000 Tail6 0.5000 
skin 609 Tail5 0.5000 Tail6 0.5000 
skin 610 Tail5 0.2376 Tail6 0.7525 Tail7 0.0099 
skin 611 Tail6 0.7500 Tail7 0.2500 
skin 612 Tail6 0.5000 Tail7 0.5000 
skin 613 Tail6 0.7500 Tail7 0.2500 
skin 614 Tail6 0.5000 Tail7 0.5000 
skin 615 Tail6 0.2100 Tail7 0.7900 
skin 616 Tail6 0.2200 Tail7 0.7800 
skin 617 Tail6 0.0800 Tail7 0.9200 
skin 618 Tail6 0.0800 Tail7 0.9200 
skin 619 Tail4 0.0200 Tail5 0.9700 Tail6 0.0100 
skin 620 Tail4 0.0200 Tail5 0.9700 Tail6 0.0100 
skin 621 Tail4 0.1000 Tail5 0.9000 
skin 622 Tail5 0.9200 Tail6 0.0800 
skin 623 Tail5 0.7800 Tail6 0.2200 
skin 624 Tail5 0.9200 Tail6 0.0800 
skin 625 Tail4 0.2400 Tail5 0.7600 
skin 626 Tail5 0.4900 Tail6 0.5100 
skin 627 Tail5 0.2400 Tail6 0.7500 Tail7 0.0100 
skin 628 Tail5 0.2475 Tail6 0.7426 Tail7 0.0099 
skin 629 Tail4 0.5300 Tail5 0.4700 
skin 630 Tail4 0.7800 Tail5 0.2200 
skin 631 Tail6 0.5100 Tail7 0.4900 
skin 632 Tail6 0.7475 Tail7 0.2525 
skin 633 Tail6 0.2200 Tail7 0.7800 
skin 634 Tail3 0.5000 Tail4 0.5000 
skin 635 Tail6 0.0900 Tail7 0.9100 
skin 636 Tail3 0.8100 Tail4 0.1900 
skin 637 Tail6 0.0100 Tail7 0.9900 
skin 638 Tail1 0.6300 Tail2 0.3700 
skin 639 Tail1 0.8800 Tail2 0.1200 
skin 640 Tail1 0.9800 Tail2 0.0200 
skin 641 Spine 0.0200 Tail1 0.9800 
skin 642 Spine 0.0200 Tail1 0.9800 
skin 643 Spine 0.2200 Tail1 0.7400 Spine1 0.0400 
skin 644 Spine 0.2200 Tail1 0.7500 Spine1 0.0300 
skin 645 R_Hand 0.0100 R_Finger1 0.3800 R_Finger2 0.6100 
skin 646 R_Hand 0.0100 R_Finger1 0.3900 R_Finger2 0.6000 
skin 647 R_Hand 0.0297 R_Finger1 0.4059 R_Finger2 0.5644 
skin 648 R_Hand 0.0300 R_Finger1 0.4300 R_Finger2 0.5400 
skin 649 R_Hand 0.0200 R_Finger1 0.3900 R_Finger2 0.5900 
skin 650 R_Hand 0.0200 R_Finger1 0.3800 R_Finger2 0.6000 
skin 651 R_Hand 0.0404 R_Finger1 0.4141 R_Finger2 0.5455 
skin 652 R_Hand 0.0400 R_Finger1 0.4100 R_Finger2 0.5500 
skin 653 R_Hand 0.0200 R_Finger1 0.3700 R_Finger2 0.6100 
skin 654 R_Hand 0.0396 R_Finger1 0.4059 R_Finger2 0.5545 
skin 655 R_Hand 0.0500 R_Finger1 0.4200 R_Finger2 0.5300 
skin 656 R_Hand 0.0500 R_Finger1 0.4300 R_Finger2 0.5200 
skin 657 R_Hand 0.0396 R_Finger1 0.4356 R_Finger2 0.5248 
skin 658 R_Hand 0.0303 R_Finger1 0.4040 R_Finger2 0.5657 
skin 659 R_Hand 0.0600 R_Finger1 0.4300 R_Finger2 0.5100 
skin 660 R_Hand 0.0700 R_Finger1 0.4300 R_Finger2 0.5000 
skin 661 R_Hand 0.0600 R_Finger1 0.4300 R_Finger2 0.5100 
skin 662 R_Hand 0.0700 R_Finger1 0.4400 R_Finger2 0.4900 
skin 663 R_Hand 0.0792 R_Finger1 0.4356 R_Finger2 0.4851 
skin 664 R_Hand 0.0600 R_Finger1 0.4300 R_Finger2 0.5100 
skin 665 R_Hand 0.0900 R_Finger1 0.4400 R_Finger2 0.4700 
skin 666 R_Hand 0.0900 R_Finger1 0.4400 R_Finger2 0.4700 
skin 667 R_Hand 0.0900 R_Finger1 0.4400 R_Finger2 0.4700 
skin 668 R_Hand 0.1000 R_Finger1 0.4400 R_Finger2 0.4600 
skin 669 R_Hand 0.1000 R_Finger1 0.4400 R_Finger2 0.4600 
skin 670 R_Hand 0.1300 R_Finger1 0.4300 R_Finger2 0.4400 
skin 671 R_Hand 0.1300 R_Finger1 0.4300 R_Finger2 0.4400 
skin 672 R_Hand 0.1300 R_Finger1 0.4300 R_Finger2 0.4400 
skin 673 R_Hand 0.0900 R_Finger1 0.4400 R_Finger2 0.4700 
skin 674 R_Hand 0.1300 R_Finger1 0.4300 R_Finger2 0.4400 
skin 675 R_Hand 0.1300 R_Finger1 0.4300 R_Finger2 0.4400 
skin 676 R_Hand 0.1717 R_Finger1 0.4141 R_Finger2 0.4141 
skin 677 R_Hand 0.1717 R_Finger1 0.4141 R_Finger2 0.4141 
skin 678 R_Hand 0.1717 R_Finger1 0.4141 R_Finger2 0.4141 
skin 679 R_Hand 0.1300 R_Finger1 0.4300 R_Finger2 0.4400 
skin 680 R_Hand 0.1717 R_Finger1 0.4141 R_Finger2 0.4141 
skin 681 R_Hand 0.1717 R_Finger1 0.4141 R_Finger2 0.4141 
skin 682 R_Hand 0.2400 R_Finger1 0.3900 R_Finger2 0.3700 
skin 683 R_Hand 0.2400 R_Finger1 0.3900 R_Finger2 0.3700 
skin 684 R_Hand 0.2400 R_Finger1 0.3900 R_Finger2 0.3700 
skin 685 R_Hand 0.1800 R_Finger1 0.4100 R_Finger2 0.4100 
skin 686 R_Hand 0.2400 R_Finger1 0.3900 R_Finger2 0.3700 
skin 687 R_Hand 0.2400 R_Finger1 0.3900 R_Finger2 0.3700 
skin 688 R_Hand 0.2400 R_Finger1 0.3900 R_Finger2 0.3700 
skin 689 R_Hand 0.3069 R_Finger1 0.3762 R_Finger2 0.3168 
skin 690 R_Hand 0.3000 R_Finger1 0.3800 R_Finger2 0.3200 
skin 691 R_Hand 0.3000 R_Finger1 0.3800 R_Finger2 0.3200 
skin 692 R_Hand 0.3100 R_Finger1 0.3800 R_Finger2 0.3100 
skin 693 R_Hand 0.3100 R_Finger1 0.3800 R_Finger2 0.3100 
skin 694 R_Hand 0.3100 R_Finger1 0.3800 R_Finger2 0.3100 
skin 695 R_Hand 0.3600 R_Finger1 0.3900 R_Finger2 0.2500 
skin 696 R_Hand 0.3600 R_Finger1 0.3900 R_Finger2 0.2500 
skin 697 R_Hand 0.3600 R_Finger1 0.3900 R_Finger2 0.2500 
skin 698 R_Hand 0.3663 R_Finger1 0.3861 R_Finger2 0.2475 
skin 699 R_Hand 0.3700 R_Finger1 0.3900 R_Finger2 0.2400 
skin 700 R_Hand 0.3600 R_Finger1 0.4000 R_Finger2 0.2400 
skin 701 R_Hand 0.4059 R_Finger1 0.4158 R_Finger2 0.1782 
skin 702 R_Hand 0.4000 R_Finger1 0.4200 R_Finger2 0.1800 
skin 703 R_Hand 0.4040 R_Finger1 0.4242 R_Finger2 0.1717 
skin 704 R_Hand 0.4100 R_Finger1 0.4100 R_Finger2 0.1800 
skin 705 R_Hand 0.4141 R_Finger1 0.4141 R_Finger2 0.1717 
skin 706 R_Hand 0.4500 R_Finger1 0.4300 R_Finger2 0.1200 
skin 707 R_Hand 0.4600 R_Finger1 0.4200 R_Finger2 0.1200 
skin 708 R_Hand 0.4500 R_Finger1 0.4300 R_Finger2 0.1200 
skin 709 R_Hand 0.4000 R_Finger1 0.4300 R_Finger2 0.1700 
skin 710 R_Forearm 0.1287 R_Hand 0.4554 R_Finger1 0.4158 
skin 711 R_Forearm 0.1400 R_Hand 0.4500 R_Finger1 0.4100 
skin 712 R_Forearm 0.1800 R_Hand 0.4700 R_Finger1 0.3500 
skin 713 R_Forearm 0.1700 R_Hand 0.4700 R_Finger1 0.3600 
skin 714 R_Forearm 0.1616 R_Hand 0.4747 R_Finger1 0.3636 
skin 715 R_Hand 0.4500 R_Finger1 0.4300 R_Finger2 0.1200 
skin 716 R_Forearm 0.2000 R_Hand 0.4600 R_Finger1 0.3400 
skin 717 R_Forearm 0.2200 R_Hand 0.4300 R_Finger1 0.3500 
skin 718 R_Forearm 0.2500 R_Hand 0.4700 R_Finger1 0.2800 
skin 719 R_Forearm 0.2323 R_Hand 0.4747 R_Finger1 0.2929 
skin 720 R_Forearm 0.2300 R_Hand 0.4800 R_Finger1 0.2900 
skin 721 R_Forearm 0.1616 R_Hand 0.4747 R_Finger1 0.3636 
skin 722 R_Forearm 0.2700 R_Hand 0.4500 R_Finger1 0.2800 
skin 723 R_Forearm 0.2970 R_Hand 0.4158 R_Finger1 0.2871 
skin 724 R_Forearm 0.3030 R_Hand 0.4747 R_Finger1 0.2222 
skin 725 R_Forearm 0.3200 R_Hand 0.4700 R_Finger1 0.2100 
skin 726 R_Forearm 0.3000 R_Hand 0.4700 R_Finger1 0.2300 
skin 727 R_Forearm 0.2277 R_Hand 0.4752 R_Finger1 0.2970 
skin 728 R_Forearm 0.3535 R_Hand 0.4343 R_Finger1 0.2121 
skin 729 R_Forearm 0.3900 R_Hand 0.4000 R_Finger1 0.2100 
skin 730 R_Forearm 0.2970 R_Hand 0.4752 R_Finger1 0.2277 
skin 731 R_Clavicle 0.2121 R_Forearm 0.3434 R_Hand 0.4444 
skin 732 R_Clavicle 0.2100 R_Forearm 0.3400 R_Hand 0.4500 
skin 733 R_Clavicle 0.2121 R_Forearm 0.3333 R_Hand 0.4545 
skin 734 R_Clavicle 0.2178 R_Forearm 0.3564 R_Hand 0.4257 
skin 735 R_Clavicle 0.2100 R_Forearm 0.3900 R_Hand 0.4000 
skin 736 R_Clavicle 0.2277 R_Forearm 0.3861 R_Hand 0.3861 
skin 737 R_Clavicle 0.2800 R_Forearm 0.3400 R_Hand 0.3800 
skin 738 R_Clavicle 0.2800 R_Forearm 0.3400 R_Hand 0.3800 
skin 739 R_Clavicle 0.2900 R_Forearm 0.3600 R_Hand 0.3500 
skin 740 R_Clavicle 0.2800 R_Forearm 0.3500 R_Hand 0.3700 
skin 741 R_Clavicle 0.2828 R_Forearm 0.3838 R_Hand 0.3333 
skin 742 R_Clavicle 0.3535 R_Forearm 0.3737 R_Hand 0.2727 
skin 743 R_Clavicle 0.3600 R_Forearm 0.3900 R_Hand 0.2500 
skin 744 R_Clavicle 0.3500 R_Forearm 0.3600 R_Hand 0.2900 
skin 745 R_Clavicle 0.3500 R_Forearm 0.3500 R_Hand 0.3000 
skin 746 R_Clavicle 0.3465 R_Forearm 0.3564 R_Hand 0.2970 
skin 747 R_Clavicle 0.3960 R_Forearm 0.3960 R_Hand 0.2079 
skin 748 R_Clavicle 0.4000 R_Forearm 0.4100 R_Hand 0.1900 
skin 749 R_Clavicle 0.3900 R_Forearm 0.3900 R_Hand 0.2200 
skin 750 R_Clavicle 0.3960 R_Forearm 0.3960 R_Hand 0.2079 
skin 751 R_Clavicle 0.3663 R_Forearm 0.3663 R_Hand 0.2673 
skin 752 R_Clavicle 0.3900 R_Forearm 0.3800 R_Hand 0.2300 
skin 753 R_Clavicle 0.3900 R_Forearm 0.3800 R_Hand 0.2300 
skin 754 R_Clavicle 0.4400 R_Forearm 0.4200 R_Hand 0.1400 
skin 755 R_Clavicle 0.4356 R_Forearm 0.4059 R_Hand 0.1584 
skin 756 Spine1 0.1700 R_Clavicle 0.4300 R_Forearm 0.4000 
skin 757 R_Clavicle 0.4200 R_Forearm 0.4200 R_Hand 0.1600 
skin 758 Spine1 0.1800 R_Clavicle 0.4300 R_Forearm 0.3900 
skin 759 Spine1 0.1980 R_Clavicle 0.4158 R_Forearm 0.3861 
skin 760 Spine1 0.1200 R_Clavicle 0.4800 R_Forearm 0.4000 
skin 761 Spine1 0.1900 R_Clavicle 0.4500 R_Forearm 0.3600 
skin 762 Spine1 0.2600 R_Clavicle 0.4200 R_Forearm 0.3200 
skin 763 R_Clavicle 0.4400 R_Forearm 0.4400 R_Hand 0.1200 
skin 764 Spine1 0.2700 R_Clavicle 0.4100 R_Forearm 0.3200 
skin 765 Spine1 0.2900 R_Clavicle 0.4000 R_Forearm 0.3100 
skin 766 Spine1 0.1800 R_Clavicle 0.4900 R_Forearm 0.3300 
skin 767 Spine1 0.2500 R_Clavicle 0.4600 R_Forearm 0.2900 
skin 768 Spine1 0.3300 R_Clavicle 0.4200 R_Forearm 0.2500 
skin 769 Spine1 0.1400 R_Clavicle 0.4600 R_Forearm 0.4000 
skin 770 Spine1 0.3400 R_Clavicle 0.4000 R_Forearm 0.2600 
skin 771 Spine1 0.3636 R_Clavicle 0.3939 R_Forearm 0.2424 
skin 772 Spine1 0.2400 R_Clavicle 0.5100 R_Forearm 0.2500 
skin 773 Spine 0.2700 Spine1 0.3000 R_Clavicle 0.4300 
skin 774 Spine 0.2828 Spine1 0.3535 R_Clavicle 0.3636 
skin 775 Spine1 0.2100 R_Clavicle 0.4800 R_Forearm 0.3100 
skin 776 Spine 0.2700 Spine1 0.3800 R_Clavicle 0.3500 
skin 777 Spine 0.2574 Spine1 0.3663 R_Clavicle 0.3762 
skin 778 Spine 0.3000 Spine1 0.3300 R_Clavicle 0.3700 
skin 779 Spine 0.2800 Spine1 0.2800 R_Clavicle 0.4400 
skin 780 Spine 0.3100 Spine1 0.3600 R_Clavicle 0.3300 
skin 781 Spine 0.2700 Spine1 0.2700 R_Clavicle 0.4600 
skin 782 Spine 0.2772 Spine1 0.3762 R_Clavicle 0.3465 
skin 783 Spine 0.3000 Spine1 0.3900 R_Clavicle 0.3100 
skin 784 Spine 0.3300 Spine1 0.3800 R_Clavicle 0.2900 
skin 785 Spine 0.3300 Spine1 0.3500 R_Clavicle 0.3200 
skin 786 Spine 0.3100 Spine1 0.3200 R_Clavicle 0.3700 
skin 787 Spine 0.2900 Spine1 0.3800 R_Clavicle 0.3300 
skin 788 Spine 0.3200 Spine1 0.4000 R_Clavicle 0.2800 
skin 789 Spine 0.3069 Spine1 0.3069 R_Clavicle 0.3861 
skin 790 Spine 0.2700 Spine1 0.2800 R_Clavicle 0.4500 
skin 791 Spine 0.2000 R_Clavicle 0.5200 R_Forearm 0.2800 
skin 792 Spine 0.2300 Spine1 0.2500 R_Clavicle 0.5200 
skin 793 Spine 0.2800 Spine1 0.2700 R_Clavicle 0.4500 
skin 794 Spine 0.2700 Spine1 0.3300 R_Clavicle 0.4000 
skin 795 Spine 0.2600 Spine1 0.3300 R_Clavicle 0.4100 
skin 796 Spine1 0.1200 R_Clavicle 0.4700 R_Forearm 0.4100 
skin 797 Spine1 0.1900 R_Clavicle 0.5000 R_Forearm 0.3100 
skin 798 Spine 0.2400 Spine1 0.3200 R_Clavicle 0.4400 
skin 799 Spine 0.2800 Spine1 0.2500 R_Clavicle 0.4700 
skin 800 Spine 0.1818 R_Clavicle 0.5354 R_Forearm 0.2828 
skin 801 Spine1 0.1212 R_Clavicle 0.4747 R_Forearm 0.4040 
skin 802 Spine1 0.2800 R_Clavicle 0.4400 R_Forearm 0.2800 
skin 803 R_Clavicle 0.4455 R_Forearm 0.4455 R_Hand 0.1089 
skin 804 Spine 0.0900 R_Clavicle 0.4900 R_Forearm 0.4200 
skin 805 Spine1 0.2100 R_Clavicle 0.4400 R_Forearm 0.3500 
skin 806 R_Clavicle 0.4400 R_Forearm 0.4400 R_Hand 0.1200 
skin 807 R_Clavicle 0.4300 R_Forearm 0.4000 R_Hand 0.1700 
skin 808 R_Clavicle 0.4158 R_Forearm 0.4158 R_Hand 0.1683 
skin 809 R_Clavicle 0.4200 R_Forearm 0.4200 R_Hand 0.1600 
skin 810 R_Clavicle 0.4400 R_Forearm 0.4400 R_Hand 0.1200 
skin 811 R_Clavicle 0.3861 R_Forearm 0.3861 R_Hand 0.2277 
skin 812 R_Clavicle 0.3900 R_Forearm 0.3900 R_Hand 0.2200 
skin 813 R_Clavicle 0.4000 R_Forearm 0.3800 R_Hand 0.2200 
skin 814 R_Clavicle 0.4040 R_Forearm 0.4040 R_Hand 0.1919 
skin 815 R_Clavicle 0.3500 R_Forearm 0.3500 R_Hand 0.3000 
skin 816 R_Clavicle 0.3400 R_Forearm 0.3700 R_Hand 0.2900 
skin 817 R_Clavicle 0.3500 R_Forearm 0.3600 R_Hand 0.2900 
skin 818 R_Clavicle 0.3737 R_Forearm 0.3737 R_Hand 0.2525 
skin 819 R_Clavicle 0.3200 R_Forearm 0.3400 R_Hand 0.3400 
skin 820 R_Clavicle 0.2800 R_Forearm 0.3400 R_Hand 0.3800 
skin 821 R_Clavicle 0.2400 R_Forearm 0.3800 R_Hand 0.3800 
skin 822 R_Clavicle 0.3200 R_Forearm 0.3400 R_Hand 0.3400 
skin 823 R_Clavicle 0.2200 R_Forearm 0.3900 R_Hand 0.3900 
skin 824 R_Forearm 0.3800 R_Hand 0.4300 R_Finger1 0.1900 
skin 825 R_Clavicle 0.2100 R_Forearm 0.3400 R_Hand 0.4500 
skin 826 R_Clavicle 0.2400 R_Forearm 0.3800 R_Hand 0.3800 
skin 827 R_Forearm 0.3737 R_Hand 0.3737 R_Finger1 0.2525 
skin 828 R_Forearm 0.3000 R_Hand 0.4800 R_Finger1 0.2200 
skin 829 R_Forearm 0.3300 R_Hand 0.4300 R_Finger1 0.2400 
skin 830 R_Forearm 0.3900 R_Hand 0.3900 R_Finger1 0.2200 
skin 831 R_Forearm 0.3434 R_Hand 0.3434 R_Finger1 0.3131 
skin 832 R_Forearm 0.2600 R_Hand 0.4300 R_Finger1 0.3100 
skin 833 R_Forearm 0.2400 R_Hand 0.4700 R_Finger1 0.2900 
skin 834 R_Forearm 0.3434 R_Hand 0.3434 R_Finger1 0.3131 
skin 835 R_Forearm 0.3333 R_Hand 0.3333 R_Finger1 0.3333 
skin 836 R_Forearm 0.1700 R_Hand 0.4700 R_Finger1 0.3600 
skin 837 R_Forearm 0.1919 R_Hand 0.4343 R_Finger1 0.3737 
skin 838 R_Forearm 0.3333 R_Hand 0.3333 R_Finger1 0.3333 
skin 839 R_Forearm 0.2475 R_Hand 0.3762 R_Finger1 0.3762 
skin 840 R_Hand 0.4600 R_Finger1 0.4300 R_Finger2 0.1100 
skin 841 R_Hand 0.4400 R_Finger1 0.4300 R_Finger2 0.1300 
skin 842 R_Forearm 0.3333 R_Hand 0.3333 R_Finger1 0.3333 
skin 843 R_Hand 0.4040 R_Finger1 0.4040 R_Finger2 0.1919 
skin 844 R_Forearm 0.2475 R_Hand 0.3762 R_Finger1 0.3762 
skin 845 R_Hand 0.4000 R_Finger1 0.4300 R_Finger2 0.1700 
skin 846 R_Hand 0.4000 R_Finger1 0.4200 R_Finger2 0.1800 
skin 847 R_Hand 0.3700 R_Finger1 0.3700 R_Finger2 0.2600 
skin 848 R_Hand 0.3700 R_Finger1 0.3700 R_Finger2 0.2600 
skin 849 R_Hand 0.3600 R_Finger1 0.3900 R_Finger2 0.2500 
skin 850 R_Hand 0.3600 R_Finger1 0.4000 R_Finger2 0.2400 
skin 851 R_Hand 0.3333 R_Finger1 0.3333 R_Finger2 0.3333 
skin 852 R_Hand 0.3400 R_Finger1 0.3400 R_Finger2 0.3200 
skin 853 R_Hand 0.3100 R_Finger1 0.3800 R_Finger2 0.3100 
skin 854 R_Hand 0.3000 R_Finger1 0.3800 R_Finger2 0.3200 
skin 855 R_Hand 0.3333 R_Finger1 0.3333 R_Finger2 0.3333 
skin 856 R_Hand 0.3333 R_Finger1 0.3333 R_Finger2 0.3333 
skin 857 R_Hand 0.2376 R_Finger1 0.3861 R_Finger2 0.3762 
skin 858 R_Hand 0.2400 R_Finger1 0.3900 R_Finger2 0.3700 
skin 859 R_Hand 0.2600 R_Finger1 0.3700 R_Finger2 0.3700 
skin 860 R_Hand 0.3333 R_Finger1 0.3333 R_Finger2 0.3333 
skin 861 R_Hand 0.1800 R_Finger1 0.4100 R_Finger2 0.4100 
skin 862 R_Hand 0.1800 R_Finger1 0.4100 R_Finger2 0.4100 
skin 863 R_Hand 0.1800 R_Finger1 0.4100 R_Finger2 0.4100 
skin 864 R_Hand 0.2800 R_Finger1 0.3600 R_Finger2 0.3600 
skin 865 R_Hand 0.1300 R_Finger1 0.4300 R_Finger2 0.4400 
skin 866 R_Hand 0.1300 R_Finger1 0.4300 R_Finger2 0.4400 
skin 867 R_Hand 0.1200 R_Finger1 0.4400 R_Finger2 0.4400 
skin 868 R_Hand 0.1881 R_Finger1 0.4059 R_Finger2 0.4059 
skin 869 R_Hand 0.0900 R_Finger1 0.4400 R_Finger2 0.4700 
skin 870 R_Hand 0.0900 R_Finger1 0.4400 R_Finger2 0.4700 
skin 871 R_Hand 0.0700 R_Finger1 0.4400 R_Finger2 0.4900 
skin 872 R_Hand 0.1200 R_Finger1 0.4400 R_Finger2 0.4400 
skin 873 R_Hand 0.0600 R_Finger1 0.4400 R_Finger2 0.5000 
skin 874 R_Hand 0.0600 R_Finger1 0.4300 R_Finger2 0.5100 
skin 875 R_Hand 0.0400 R_Finger1 0.4200 R_Finger2 0.5400 
skin 876 R_Hand 0.0600 R_Finger1 0.4700 R_Finger2 0.4700 
skin 877 R_Hand 0.0400 R_Finger1 0.4100 R_Finger2 0.5500 
skin 878 R_Hand 0.0300 R_Finger1 0.4100 R_Finger2 0.5600 
skin 879 R_Hand 0.0200 R_Finger1 0.3900 R_Finger2 0.5900 
skin 880 Spine 0.2900 Spine1 0.2200 R_Clavicle 0.4900 
skin 881 Spine 0.3000 Spine1 0.2600 R_Clavicle 0.4400 
skin 882 Spine 0.3000 Spine1 0.2300 R_Clavicle 0.4700 
skin 883 Spine 0.2800 R_Thigh 0.2400 R_Clavicle 0.4800 
skin 884 Spine 0.2700 R_Thigh 0.2400 R_Clavicle 0.4900 
skin 885 Spine 0.3100 Spine1 0.2400 R_Clavicle 0.4500 
skin 886 Spine 0.3000 Spine1 0.2800 R_Clavicle 0.4200 
skin 887 Spine 0.2800 R_Thigh 0.2300 R_Clavicle 0.4900 
skin 888 Spine 0.1818 R_Clavicle 0.5758 R_Forearm 0.2424 
skin 889 Spine 0.2277 R_Clavicle 0.5644 R_Forearm 0.2079 
skin 890 Spine 0.2700 R_Thigh 0.2300 R_Clavicle 0.5000 
skin 891 Spine 0.2500 R_Clavicle 0.5600 R_Forearm 0.1900 
skin 892 Spine 0.2178 R_Clavicle 0.5644 R_Forearm 0.2178 
skin 893 Spine 0.2400 R_Clavicle 0.5600 R_Forearm 0.2000 
skin 894 Spine 0.2000 R_Clavicle 0.5500 R_Forearm 0.2500 
skin 895 Spine 0.2800 R_Thigh 0.2000 R_Clavicle 0.5200 
skin 896 Spine 0.2277 R_Clavicle 0.5050 R_Forearm 0.2673 
skin 897 Spine 0.2475 R_Clavicle 0.4950 R_Forearm 0.2574 
skin 898 Spine 0.3030 Spine1 0.2929 R_Clavicle 0.4040 
skin 899 Spine1 0.1500 R_Clavicle 0.4500 R_Forearm 0.4000 
skin 900 Spine 0.1100 R_Clavicle 0.4700 R_Forearm 0.4200 
skin 901 R_Clavicle 0.4455 R_Forearm 0.4455 R_Hand 0.1089 
skin 902 Spine 0.2200 R_Clavicle 0.5600 R_Forearm 0.2200 
skin 903 Spine 0.1089 R_Clavicle 0.5347 R_Forearm 0.3564 
skin 904 R_Clavicle 0.4200 R_Forearm 0.4200 R_Hand 0.1600 
skin 905 R_Clavicle 0.4400 R_Forearm 0.4400 R_Hand 0.1200 
skin 906 Spine 0.1800 R_Clavicle 0.4900 R_Forearm 0.3300 
skin 907 Spine 0.2574 R_Clavicle 0.5347 R_Forearm 0.2079 
skin 908 Spine 0.1100 R_Clavicle 0.5400 R_Forearm 0.3500 
skin 909 R_Clavicle 0.4400 R_Forearm 0.4400 R_Hand 0.1200 
skin 910 Spine 0.2673 R_Clavicle 0.5149 R_Forearm 0.2178 
skin 911 Spine 0.2200 R_Clavicle 0.4800 R_Forearm 0.3000 
skin 912 Spine 0.1900 R_Clavicle 0.4700 R_Forearm 0.3400 
skin 913 R_Clavicle 0.3900 R_Forearm 0.4200 R_Hand 0.1900 
skin 914 Spine 0.1800 R_Clavicle 0.4500 R_Forearm 0.3700 
skin 915 R_Clavicle 0.3939 R_Forearm 0.4141 R_Hand 0.1919 
skin 916 R_Clavicle 0.3900 R_Forearm 0.3900 R_Hand 0.2200 
skin 917 R_Clavicle 0.3535 R_Forearm 0.3535 R_Hand 0.2929 
skin 918 R_Clavicle 0.3333 R_Forearm 0.3333 R_Hand 0.3333 
skin 919 R_Clavicle 0.3333 R_Forearm 0.3333 R_Hand 0.3333 
skin 920 R_Clavicle 0.2600 R_Forearm 0.3700 R_Hand 0.3700 
skin 921 R_Clavicle 0.2600 R_Forearm 0.3700 R_Hand 0.3700 
skin 922 R_Forearm 0.3900 R_Hand 0.3900 R_Finger1 0.2200 
skin 923 R_Forearm 0.3800 R_Hand 0.3800 R_Finger1 0.2400 
skin 924 R_Forearm 0.3434 R_Hand 0.3434 R_Finger1 0.3131 
skin 925 R_Clavicle 0.2000 R_Forearm 0.3900 R_Hand 0.4100 
skin 926 R_Forearm 0.4300 R_Hand 0.4300 R_Finger1 0.1400 
skin 927 R_Forearm 0.4100 R_Hand 0.4500 R_Finger1 0.1400 
skin 928 R_Forearm 0.3939 R_Hand 0.3939 R_Finger1 0.2121 
skin 929 R_Forearm 0.4000 R_Hand 0.4000 R_Finger1 0.2000 
skin 930 R_Forearm 0.3465 R_Hand 0.3465 R_Finger1 0.3069 
skin 931 R_Forearm 0.3100 R_Hand 0.5700 R_Finger1 0.1200 
skin 932 R_Forearm 0.2970 R_Hand 0.5347 R_Finger1 0.1683 
skin 933 R_Forearm 0.2400 R_Hand 0.5600 R_Finger1 0.2000 
skin 934 R_Forearm 0.2400 R_Hand 0.4900 R_Finger1 0.2700 
skin 935 R_Forearm 0.2300 R_Hand 0.5600 R_Finger1 0.2100 
skin 936 R_Forearm 0.2200 R_Hand 0.5100 R_Finger1 0.2700 
skin 937 R_Forearm 0.2300 R_Hand 0.4700 R_Finger1 0.3000 
skin 938 R_Forearm 0.1616 R_Hand 0.4242 R_Finger1 0.4141 
skin 939 R_Forearm 0.2800 R_Hand 0.5600 R_Finger1 0.1600 
skin 940 R_Forearm 0.2828 R_Hand 0.5859 R_Finger1 0.1313 
skin 941 R_Forearm 0.1600 R_Hand 0.4300 R_Finger1 0.4100 
skin 942 R_Forearm 0.2000 R_Hand 0.4700 R_Finger1 0.3300 
skin 943 R_Clavicle 0.3800 R_Forearm 0.4200 R_Hand 0.2000 
skin 944 R_Clavicle 0.4500 R_Forearm 0.4300 R_Hand 0.1200 
skin 945 R_Clavicle 0.4040 R_Forearm 0.4040 R_Hand 0.1919 
skin 946 R_Clavicle 0.3700 R_Forearm 0.4100 R_Hand 0.2200 
skin 947 R_Clavicle 0.3000 R_Forearm 0.3600 R_Hand 0.3400 
