joints Waist 0.00000000 0.43122750 0.04550907
joints Neck 0.00000003 0.53081750 0.04550909
joints LArm1 0.02405320 0.49504350 0.04550908
joints RArm1 -0.02405320 0.49504350 0.04550908
joints FootA1 0.05157820 0.35788450 0.07368860
joints FootB1 -0.05157830 0.35788450 0.07368860
joints FootC1 -0.00000005 0.35788450 -0.01066290
joints Head 0.00000004 0.56027850 0.04550909
joints LArm2 0.08737260 0.49504350 0.04550908
joints RArm2 -0.08737290 0.49504350 0.04550908
joints FootA2 0.12849100 0.21016350 0.11809420
joints FootB2 -0.12849100 0.21016350 0.11809420
joints FootC2 -0.00000013 0.21100150 -0.10085300
joints Loc_Eye 0.00000007 0.66377650 0.21195100
joints Loc_Mouth 0.00000006 0.61247950 0.20461500
joints LHand 0.21143500 0.49504350 0.04550908
joints RHand -0.21143500 0.49504350 0.04550908
joints FootA3 0.19205700 0.08807650 0.15479400
joints FootB3 -0.19205700 0.08807610 0.15479400
joints FootC3 -0.00000020 0.08960630 -0.17539200
joints LFinger 0.37372600 0.49504350 0.04550908
joints RFinger -0.37372600 0.49504350 0.04550908
root Waist
skin 0 Head 1.0000 
skin 1 Head 1.0000 
skin 2 Head 1.0000 
skin 3 Head 1.0000 
skin 4 Head 1.0000 
skin 5 Head 1.0000 
skin 6 Head 1.0000 
skin 7 Head 1.0000 
skin 8 Head 1.0000 
skin 9 Head 1.0000 
skin 10 Head 1.0000 
skin 11 Head 1.0000 
skin 12 Head 1.0000 
skin 13 Head 1.0000 
skin 14 Head 1.0000 
skin 15 Head 1.0000 
skin 16 Head 1.0000 
skin 17 Head 1.0000 
skin 18 Head 1.0000 
skin 19 Head 1.0000 
skin 20 Waist 0.2700 FootB1 0.6600 FootB2 0.0700 
skin 21 Waist 0.7700 FootB1 0.2000 FootB2 0.0300 
skin 22 Waist 0.7700 FootB1 0.2000 FootB2 0.0300 
skin 23 Waist 0.3500 FootB1 0.6000 FootB2 0.0500 
skin 24 Waist 0.1200 FootB1 0.7000 FootB2 0.1800 
skin 25 Waist 0.0400 FootB1 0.6900 FootB2 0.2700 
skin 26 Waist 0.0100 FootB1 0.5900 FootB2 0.4000 
skin 27 FootB1 0.5100 FootB2 0.4900 
skin 28 FootB1 0.3300 FootB2 0.6400 FootB3 0.0300 
skin 29 FootB1 0.2400 FootB2 0.7200 FootB3 0.0400 
skin 30 Waist 0.2200 FootB1 0.6900 FootB2 0.0900 
skin 31 Waist 0.4900 FootB1 0.4300 FootB2 0.0800 
skin 32 Waist 0.8900 FootB1 0.1000 FootB2 0.0100 
skin 33 Waist 0.9800 FootA1 0.0100 FootB1 0.0100 
skin 34 Waist 0.9800 FootB1 0.0200 
skin 35 Waist 0.0600 FootB1 0.6900 FootB2 0.2500 
skin 36 Waist 0.0100 FootB1 0.6200 FootB2 0.3700 
skin 37 Waist 0.0200 FootB1 0.6800 FootB2 0.3000 
skin 38 Waist 0.0100 FootB1 0.6500 FootB2 0.3400 
skin 39 Waist 0.0100 FootB1 0.6300 FootB2 0.3600 
skin 40 FootB1 0.0800 FootB2 0.7000 FootB3 0.2200 
skin 41 FootB1 0.0500 FootB2 0.6700 FootB3 0.2800 
skin 42 FootB1 0.0100 FootB2 0.5000 FootB3 0.4900 
skin 43 FootB1 0.0100 FootB2 0.5100 FootB3 0.4800 
skin 44 FootB2 0.3000 FootB3 0.7000 
skin 45 FootB2 0.3200 FootB3 0.6800 
skin 46 FootB2 0.1300 FootB3 0.8700 
skin 47 FootB2 0.1300 FootB3 0.8700 
skin 48 FootB2 0.0100 FootB3 0.9900 
skin 49 FootB3 1.0000 
skin 50 FootB2 0.0100 FootB3 0.9900 
skin 51 FootB2 0.1300 FootB3 0.8700 
skin 52 FootB2 0.3200 FootB3 0.6800 
skin 53 Waist 0.0100 FootB1 0.5800 FootB2 0.4100 
skin 54 Waist 0.1200 FootB1 0.7000 FootB2 0.1800 
skin 55 Waist 0.3500 FootB1 0.6000 FootB2 0.0500 
skin 56 Waist 0.2200 FootB1 0.6900 FootB2 0.0900 
skin 57 Waist 0.0600 FootB1 0.7000 FootB2 0.2400 
skin 58 Waist 0.4700 FootC1 0.5200 FootC2 0.0100 
skin 59 Waist 0.9800 FootB1 0.0200 
skin 60 Waist 0.9800 FootC1 0.0200 
skin 61 Waist 0.8900 FootC1 0.1000 FootC2 0.0100 
skin 62 Waist 0.0100 FootB1 0.6200 FootB2 0.3700 
skin 63 Waist 0.0200 FootB1 0.6900 FootB2 0.2900 
skin 64 Waist 0.0100 FootB1 0.6500 FootB2 0.3400 
skin 65 Waist 0.0100 FootB1 0.6300 FootB2 0.3600 
skin 66 Waist 0.0100 FootB1 0.5500 FootB2 0.4400 
skin 67 FootB1 0.3300 FootB2 0.6400 FootB3 0.0300 
skin 68 FootB1 0.3700 FootB2 0.6200 FootB3 0.0100 
skin 69 FootB1 0.1900 FootB2 0.7300 FootB3 0.0800 
skin 70 FootB1 0.2500 FootB2 0.7200 FootB3 0.0300 
skin 71 FootB1 0.0800 FootB2 0.6900 FootB3 0.2300 
skin 72 FootB1 0.1200 FootB2 0.6900 FootB3 0.1900 
skin 73 FootB1 0.1900 FootB2 0.7300 FootB3 0.0800 
skin 74 FootB1 0.1600 FootB2 0.7300 FootB3 0.1100 
skin 75 Waist 1.0000 
skin 76 Waist 1.0000 
skin 77 Waist 1.0000 
skin 78 Waist 1.0000 
skin 79 Waist 0.8000 Neck 0.2000 
skin 80 Waist 0.8000 Neck 0.2000 
skin 81 Waist 1.0000 
skin 82 Waist 0.8000 Neck 0.2000 
skin 83 Waist 1.0000 
skin 84 Waist 0.8000 Neck 0.2000 
skin 85 Waist 1.0000 
skin 86 Waist 0.8000 Neck 0.2000 
skin 87 Waist 1.0000 
skin 88 Waist 1.0000 
skin 89 Waist 1.0000 
skin 90 Waist 0.9800 FootC1 0.0200 
skin 91 Waist 0.9800 FootC1 0.0200 
skin 92 FootB1 0.0100 FootB2 0.6100 FootB3 0.3800 
skin 93 FootB1 0.0100 FootB2 0.5000 FootB3 0.4900 
skin 94 FootB2 0.5000 FootB3 0.5000 
skin 95 FootB2 0.4600 FootB3 0.5400 
skin 96 FootB2 0.4400 FootB3 0.5600 
skin 97 FootB2 0.4300 FootB3 0.5700 
skin 98 Waist 1.0000 
skin 99 Waist 0.8000 Neck 0.2000 
skin 100 Waist 1.0000 
skin 101 Waist 0.8000 Neck 0.2000 
skin 102 Waist 1.0000 
skin 103 Waist 0.8000 Neck 0.2000 
skin 104 Waist 1.0000 
skin 105 Waist 1.0000 
skin 106 Waist 1.0000 
skin 107 Waist 0.9800 FootC1 0.0200 
skin 108 Waist 0.9800 FootA1 0.0200 
skin 109 Waist 0.7700 FootA1 0.2000 FootA2 0.0300 
skin 110 Waist 0.8900 FootC1 0.1000 FootC2 0.0100 
skin 111 Waist 0.4700 FootC1 0.5200 FootC2 0.0100 
skin 112 Waist 0.3500 FootA1 0.6000 FootA2 0.0500 
skin 113 Waist 0.2200 FootA1 0.6900 FootA2 0.0900 
skin 114 Waist 0.1200 FootA1 0.7000 FootA2 0.1800 
skin 115 Waist 0.0600 FootA1 0.7000 FootA2 0.2400 
skin 116 Waist 0.2700 FootA1 0.6600 FootA2 0.0700 
skin 117 Waist 0.0400 FootA1 0.6900 FootA2 0.2700 
skin 118 Waist 0.1200 FootA1 0.7000 FootA2 0.1800 
skin 119 Waist 0.0100 FootA1 0.5900 FootA2 0.4000 
skin 120 FootA1 0.5100 FootA2 0.4900 
skin 121 Waist 0.3500 FootA1 0.6000 FootA2 0.0500 
skin 122 FootA1 0.3300 FootA2 0.6400 FootA3 0.0300 
skin 123 FootA1 0.2400 FootA2 0.7200 FootA3 0.0400 
skin 124 Waist 0.7700 FootA1 0.2000 FootA2 0.0300 
skin 125 Waist 0.2200 FootA1 0.6900 FootA2 0.0900 
skin 126 Waist 0.9800 FootA1 0.0200 
skin 127 Waist 0.0600 FootA1 0.6900 FootA2 0.2500 
skin 128 Waist 0.0100 FootA1 0.6200 FootA2 0.3700 
skin 129 Waist 0.0200 FootA1 0.6800 FootA2 0.3000 
skin 130 Waist 0.0100 FootA1 0.6500 FootA2 0.3400 
skin 131 Waist 0.0100 FootA1 0.6300 FootA2 0.3600 
skin 132 FootA1 0.0800 FootA2 0.7000 FootA3 0.2200 
skin 133 FootA1 0.0500 FootA2 0.6700 FootA3 0.2800 
skin 134 FootA1 0.0100 FootA2 0.5000 FootA3 0.4900 
skin 135 FootA1 0.0100 FootA2 0.5100 FootA3 0.4800 
skin 136 FootA2 0.3000 FootA3 0.7000 
skin 137 FootA2 0.3200 FootA3 0.6800 
skin 138 FootA2 0.1300 FootA3 0.8700 
skin 139 FootA2 0.1300 FootA3 0.8700 
skin 140 FootA2 0.0100 FootA3 0.9900 
skin 141 FootA3 1.0000 
skin 142 FootA2 0.0100 FootA3 0.9900 
skin 143 FootA2 0.1300 FootA3 0.8700 
skin 144 FootA2 0.3200 FootA3 0.6800 
skin 145 Waist 0.0100 FootA1 0.5800 FootA2 0.4100 
skin 146 FootA1 0.0100 FootA2 0.5000 FootA3 0.4900 
skin 147 Waist 0.0100 FootA1 0.5400 FootA2 0.4500 
skin 148 FootA1 0.3800 FootA2 0.6100 FootA3 0.0100 
skin 149 FootA1 0.1900 FootA2 0.7300 FootA3 0.0800 
skin 150 FootA1 0.2500 FootA2 0.7200 FootA3 0.0300 
skin 151 FootA1 0.1900 FootA2 0.7300 FootA3 0.0800 
skin 152 FootA1 0.1600 FootA2 0.7200 FootA3 0.1200 
skin 153 Waist 0.0100 FootA1 0.6200 FootA2 0.3700 
skin 154 Waist 0.0100 FootA1 0.5500 FootA2 0.4400 
skin 155 FootA1 0.3300 FootA2 0.6400 FootA3 0.0300 
skin 156 FootA1 0.3700 FootA2 0.6200 FootA3 0.0100 
skin 157 FootA1 0.1900 FootA2 0.7300 FootA3 0.0800 
skin 158 FootA1 0.2500 FootA2 0.7200 FootA3 0.0300 
skin 159 FootA1 0.0800 FootA2 0.6900 FootA3 0.2300 
skin 160 FootA1 0.1200 FootA2 0.6900 FootA3 0.1900 
skin 161 FootA1 0.1900 FootA2 0.7300 FootA3 0.0800 
skin 162 FootA1 0.1600 FootA2 0.7300 FootA3 0.1100 
skin 163 Waist 0.0200 FootA1 0.6900 FootA2 0.2900 
skin 164 Waist 0.0100 FootA1 0.6500 FootA2 0.3400 
skin 165 Waist 0.0100 FootA1 0.6300 FootA2 0.3600 
skin 166 FootA1 0.0100 FootA2 0.6100 FootA3 0.3800 
skin 167 FootA2 0.5000 FootA3 0.5000 
skin 168 FootA2 0.4600 FootA3 0.5400 
skin 169 FootA2 0.4400 FootA3 0.5600 
skin 170 FootA2 0.4300 FootA3 0.5700 
skin 171 FootA1 0.1200 FootA2 0.7000 FootA3 0.1800 
skin 172 FootA1 0.0100 FootA2 0.5900 FootA3 0.4000 
skin 173 FootA2 0.4900 FootA3 0.5100 
skin 174 FootA2 0.4600 FootA3 0.5400 
skin 175 FootA2 0.4300 FootA3 0.5700 
skin 176 FootA2 0.4400 FootA3 0.5600 
skin 177 Head 1.0000 
skin 178 Head 1.0000 
skin 179 Head 1.0000 
skin 180 Head 1.0000 
skin 181 Head 1.0000 
skin 182 Head 1.0000 
skin 183 Head 1.0000 
skin 184 Head 1.0000 
skin 185 Head 1.0000 
skin 186 Head 1.0000 
skin 187 Head 1.0000 
skin 188 Head 1.0000 
skin 189 Head 1.0000 
skin 190 Head 1.0000 
skin 191 Head 1.0000 
skin 192 Head 1.0000 
skin 193 Head 1.0000 
skin 194 Head 1.0000 
skin 195 Head 1.0000 
skin 196 Head 1.0000 
skin 197 Head 1.0000 
skin 198 Head 1.0000 
skin 199 Head 1.0000 
skin 200 Head 1.0000 
skin 201 Head 1.0000 
skin 202 Head 1.0000 
skin 203 Head 1.0000 
skin 204 Head 1.0000 
skin 205 Head 1.0000 
skin 206 Head 1.0000 
skin 207 Head 1.0000 
skin 208 Head 1.0000 
skin 209 Head 1.0000 
skin 210 Head 1.0000 
skin 211 Head 1.0000 
skin 212 Head 1.0000 
skin 213 Head 1.0000 
skin 214 Head 1.0000 
skin 215 Head 1.0000 
skin 216 Head 1.0000 
skin 217 Head 1.0000 
skin 218 Head 1.0000 
skin 219 Head 1.0000 
skin 220 Head 1.0000 
skin 221 Head 1.0000 
skin 222 Head 1.0000 
skin 223 Head 1.0000 
skin 224 Head 1.0000 
skin 225 Head 1.0000 
skin 226 Head 1.0000 
skin 227 Head 1.0000 
skin 228 Head 1.0000 
skin 229 Head 1.0000 
skin 230 Head 1.0000 
skin 231 Head 1.0000 
skin 232 Head 1.0000 
skin 233 Head 1.0000 
skin 234 Head 1.0000 
skin 235 Head 1.0000 
skin 236 Head 1.0000 
skin 237 Head 1.0000 
skin 238 Head 1.0000 
skin 239 Head 1.0000 
skin 240 Head 1.0000 
skin 241 Head 1.0000 
skin 242 Head 1.0000 
skin 243 Head 1.0000 
skin 244 Head 1.0000 
skin 245 Head 1.0000 
skin 246 Head 1.0000 
skin 247 Head 1.0000 
skin 248 Head 1.0000 
skin 249 Head 1.0000 
skin 250 Head 1.0000 
skin 251 Head 1.0000 
skin 252 Head 1.0000 
skin 253 Head 1.0000 
skin 254 Head 1.0000 
skin 255 Head 1.0000 
skin 256 Head 1.0000 
skin 257 Head 1.0000 
skin 258 Head 1.0000 
skin 259 Head 1.0000 
skin 260 Head 1.0000 
skin 261 Head 1.0000 
skin 262 Head 1.0000 
skin 263 Head 1.0000 
skin 264 Head 1.0000 
skin 265 Head 1.0000 
skin 266 Head 1.0000 
skin 267 Head 1.0000 
skin 268 Head 1.0000 
skin 269 Head 1.0000 
skin 270 Head 1.0000 
skin 271 Head 1.0000 
skin 272 Head 1.0000 
skin 273 Head 1.0000 
skin 274 Head 1.0000 
skin 275 Head 1.0000 
skin 276 Head 1.0000 
skin 277 Head 1.0000 
skin 278 Head 1.0000 
skin 279 Head 1.0000 
skin 280 Head 1.0000 
skin 281 Head 1.0000 
skin 282 Head 1.0000 
skin 283 Head 1.0000 
skin 284 Head 1.0000 
skin 285 Head 1.0000 
skin 286 Head 1.0000 
skin 287 Head 1.0000 
skin 288 Head 1.0000 
skin 289 Head 1.0000 
skin 290 Head 1.0000 
skin 291 Head 1.0000 
skin 292 Head 1.0000 
skin 293 Head 1.0000 
skin 294 Head 1.0000 
skin 295 Head 1.0000 
skin 296 Head 1.0000 
skin 297 Head 1.0000 
skin 298 Head 1.0000 
skin 299 Head 1.0000 
skin 300 Head 1.0000 
skin 301 Head 1.0000 
skin 302 Head 1.0000 
skin 303 Head 1.0000 
skin 304 Head 1.0000 
skin 305 Head 1.0000 
skin 306 Head 1.0000 
skin 307 Head 1.0000 
skin 308 Head 1.0000 
skin 309 Head 1.0000 
skin 310 Head 1.0000 
skin 311 Head 1.0000 
skin 312 Head 1.0000 
skin 313 Head 1.0000 
skin 314 Head 1.0000 
skin 315 FootC1 0.3200 FootC2 0.6500 FootC3 0.0300 
skin 316 FootC1 0.0700 FootC2 0.6600 FootC3 0.2700 
skin 317 FootC1 0.1900 FootC2 0.7300 FootC3 0.0800 
skin 318 FootC1 0.0200 FootC2 0.6600 FootC3 0.3200 
skin 319 FootC1 0.1800 FootC2 0.7200 FootC3 0.1000 
skin 320 FootC1 0.3700 FootC2 0.6200 FootC3 0.0100 
skin 321 FootC1 0.2400 FootC2 0.7300 FootC3 0.0300 
skin 322 FootC1 0.5500 FootC2 0.4500 
skin 323 FootC1 0.1100 FootC2 0.7000 FootC3 0.1900 
skin 324 FootC1 0.0100 FootC2 0.6000 FootC3 0.3900 
skin 325 FootC1 0.0100 FootC2 0.4900 FootC3 0.5000 
skin 326 FootC2 0.4900 FootC3 0.5100 
skin 327 FootC2 0.4500 FootC3 0.5500 
skin 328 FootC2 0.4400 FootC3 0.5600 
skin 329 FootC2 0.4300 FootC3 0.5700 
skin 330 FootC1 0.1800 FootC2 0.7300 FootC3 0.0900 
skin 331 FootC1 0.1700 FootC2 0.7200 FootC3 0.1100 
skin 332 FootC1 0.0100 FootC2 0.4900 FootC3 0.5000 
skin 333 FootC1 0.4600 FootC2 0.5400 
skin 334 Waist 0.0100 FootC1 0.5700 FootC2 0.4200 
skin 335 Waist 0.0200 FootC1 0.6900 FootC2 0.2900 
skin 336 Waist 0.0900 FootC1 0.6900 FootC2 0.2200 
skin 337 Waist 0.0100 FootC1 0.6300 FootC2 0.3600 
skin 338 Waist 0.2200 FootC1 0.6900 FootC2 0.0900 
skin 339 Waist 0.3200 FootC1 0.6200 FootC2 0.0600 
skin 340 Waist 0.2200 FootC1 0.6900 FootC2 0.0900 
skin 341 Waist 0.7200 FootC1 0.2500 FootC2 0.0300 
skin 342 Waist 0.7600 FootC1 0.2200 FootC2 0.0200 
skin 343 Waist 0.0600 FootC1 0.7000 FootC2 0.2400 
skin 344 Waist 0.0300 FootC1 0.6800 FootC2 0.2900 
skin 345 Waist 0.0100 FootC1 0.6400 FootC2 0.3500 
skin 346 Waist 0.0100 FootC1 0.6300 FootC2 0.3600 
skin 347 FootC2 0.3100 FootC3 0.6900 
skin 348 FootC2 0.3200 FootC3 0.6800 
skin 349 FootC2 0.1300 FootC3 0.8700 
skin 350 FootC2 0.1200 FootC3 0.8800 
skin 351 FootC2 0.0100 FootC3 0.9900 
skin 352 FootC3 1.0000 
skin 353 Waist 0.9800 FootC1 0.0200 
skin 354 Waist 1.0000 
skin 355 FootC2 0.0100 FootC3 0.9900 
skin 356 FootC2 0.1300 FootC3 0.8700 
skin 357 FootC2 0.3200 FootC3 0.6800 
skin 358 Waist 0.0100 FootC1 0.5700 FootC2 0.4200 
skin 359 Waist 0.0900 FootC1 0.6900 FootC2 0.2200 
skin 360 Waist 0.0100 FootC1 0.6300 FootC2 0.3600 
skin 361 Waist 0.3200 FootC1 0.6200 FootC2 0.0600 
skin 362 Waist 0.2200 FootC1 0.6900 FootC2 0.0900 
skin 363 Waist 0.7600 FootC1 0.2200 FootC2 0.0200 
skin 364 FootC1 0.5500 FootC2 0.4500 
skin 365 FootC1 0.3200 FootC2 0.6500 FootC3 0.0300 
skin 366 FootC1 0.3700 FootC2 0.6200 FootC3 0.0100 
skin 367 FootC1 0.1800 FootC2 0.7200 FootC3 0.1000 
skin 368 FootC1 0.2400 FootC2 0.7300 FootC3 0.0300 
skin 369 FootC1 0.0700 FootC2 0.6600 FootC3 0.2700 
skin 370 FootC1 0.1100 FootC2 0.7000 FootC3 0.1900 
skin 371 FootC1 0.0100 FootC2 0.6000 FootC3 0.3900 
skin 372 FootC1 0.0100 FootC2 0.4900 FootC3 0.5000 
skin 373 FootC2 0.4900 FootC3 0.5100 
skin 374 FootC2 0.4500 FootC3 0.5500 
skin 375 FootC2 0.4400 FootC3 0.5600 
skin 376 FootC2 0.4300 FootC3 0.5700 
skin 377 FootC1 0.1800 FootC2 0.7300 FootC3 0.0900 
skin 378 FootC1 0.1700 FootC2 0.7200 FootC3 0.1100 
skin 379 Waist 0.0600 FootC1 0.7000 FootC2 0.2400 
skin 380 Waist 0.0300 FootC1 0.6800 FootC2 0.2900 
skin 381 Waist 0.0100 FootC1 0.6400 FootC2 0.3500 
skin 382 Waist 0.0100 FootC1 0.6300 FootC2 0.3600 
skin 383 FootB1 0.0800 FootB2 0.6900 FootB3 0.2300 
skin 384 FootB1 0.0500 FootB2 0.6700 FootB3 0.2800 
skin 385 FootB1 0.0100 FootB2 0.5900 FootB3 0.4000 
skin 386 FootB2 0.4900 FootB3 0.5100 
skin 387 FootB2 0.4600 FootB3 0.5400 
skin 388 FootB1 0.1200 FootB2 0.7000 FootB3 0.1800 
skin 389 FootB1 0.0100 FootB2 0.5100 FootB3 0.4800 
skin 390 FootB1 0.1900 FootB2 0.7300 FootB3 0.0800 
skin 391 FootB1 0.3300 FootB2 0.6400 FootB3 0.0300 
skin 392 FootB1 0.3800 FootB2 0.6100 FootB3 0.0100 
skin 393 FootB1 0.2500 FootB2 0.7200 FootB3 0.0300 
skin 394 Waist 0.0100 FootB1 0.5400 FootB2 0.4500 
skin 395 FootB2 0.4300 FootB3 0.5700 
skin 396 FootB2 0.4400 FootB3 0.5600 
skin 397 FootB1 0.1900 FootB2 0.7300 FootB3 0.0800 
skin 398 FootB1 0.1600 FootB2 0.7200 FootB3 0.1200 
skin 399 Waist 0.0100 FootB1 0.6000 FootB2 0.3900 
skin 400 Waist 0.1200 FootB1 0.7100 FootB2 0.1700 
skin 401 Waist 0.0500 FootB1 0.6900 FootB2 0.2600 
skin 402 FootB1 0.5200 FootB2 0.4800 
skin 403 Waist 0.2700 FootB1 0.6600 FootB2 0.0700 
skin 404 Waist 0.3600 FootB1 0.5900 FootB2 0.0500 
skin 405 Waist 0.7800 FootB1 0.2000 FootB2 0.0200 
skin 406 Waist 0.0100 FootB1 0.5900 FootB2 0.4000 
skin 407 Waist 0.1200 FootB1 0.7100 FootB2 0.1700 
skin 408 Waist 0.3500 FootB1 0.6000 FootB2 0.0500 
skin 409 FootB1 0.3300 FootB2 0.6400 FootB3 0.0300 
skin 410 FootB1 0.2500 FootB2 0.7100 FootB3 0.0400 
skin 411 Waist 0.7800 FootB1 0.2000 FootB2 0.0200 
skin 412 FootB1 0.0800 FootB2 0.6900 FootB3 0.2300 
skin 413 FootB2 0.3100 FootB3 0.6900 
skin 414 FootB2 0.1200 FootB3 0.8800 
skin 415 Waist 0.9800 FootB1 0.0200 
skin 416 Waist 0.9800 FootA1 0.0200 
skin 417 Waist 0.7800 FootA1 0.2000 FootA2 0.0200 
skin 418 Waist 0.3600 FootA1 0.5900 FootA2 0.0500 
skin 419 Waist 0.1200 FootA1 0.7100 FootA2 0.1700 
skin 420 Waist 0.2700 FootA1 0.6600 FootA2 0.0700 
skin 421 Waist 0.0500 FootA1 0.6900 FootA2 0.2600 
skin 422 Waist 0.0100 FootA1 0.6000 FootA2 0.3900 
skin 423 FootA1 0.5200 FootA2 0.4800 
skin 424 FootA1 0.3300 FootA2 0.6400 FootA3 0.0300 
skin 425 FootA1 0.0800 FootA2 0.6900 FootA3 0.2300 
skin 426 FootA1 0.0500 FootA2 0.6700 FootA3 0.2800 
skin 427 FootA1 0.0100 FootA2 0.5100 FootA3 0.4800 
skin 428 Waist 0.0100 FootA1 0.5900 FootA2 0.4000 
skin 429 Waist 0.1200 FootA1 0.7100 FootA2 0.1700 
skin 430 Waist 0.3500 FootA1 0.6000 FootA2 0.0500 
skin 431 FootA1 0.3300 FootA2 0.6400 FootA3 0.0300 
skin 432 FootA1 0.2500 FootA2 0.7100 FootA3 0.0400 
skin 433 FootA1 0.0800 FootA2 0.6900 FootA3 0.2300 
skin 434 Waist 0.7800 FootA1 0.2000 FootA2 0.0200 
skin 435 FootA2 0.3100 FootA3 0.6900 
skin 436 FootA2 0.1200 FootA3 0.8800 
skin 437 FootC1 0.3200 FootC2 0.6500 FootC3 0.0300 
skin 438 FootC1 0.1900 FootC2 0.7200 FootC3 0.0900 
skin 439 FootC1 0.0700 FootC2 0.6600 FootC3 0.2700 
skin 440 FootC1 0.4500 FootC2 0.5400 FootC3 0.0100 
skin 441 Waist 0.0100 FootC1 0.5700 FootC2 0.4200 
skin 442 Waist 0.0200 FootC1 0.6800 FootC2 0.3000 
skin 443 Waist 0.0900 FootC1 0.7000 FootC2 0.2100 
skin 444 Waist 0.2100 FootC1 0.7000 FootC2 0.0900 
skin 445 Waist 0.3300 FootC1 0.6100 FootC2 0.0600 
skin 446 Waist 0.7200 FootC1 0.2500 FootC2 0.0300 
skin 447 Waist 0.7500 FootC1 0.2200 FootC2 0.0300 
skin 448 FootC1 0.0200 FootC2 0.6600 FootC3 0.3200 
skin 449 FootC1 0.0100 FootC2 0.4800 FootC3 0.5100 
skin 450 FootC2 0.2900 FootC3 0.7100 
skin 451 FootC2 0.1200 FootC3 0.8800 
skin 452 Waist 0.7500 FootC1 0.2200 FootC2 0.0300 
skin 453 Waist 0.9800 FootC1 0.0200 
skin 454 FootC1 0.0700 FootC2 0.6600 FootC3 0.2700 
skin 455 FootC1 0.3200 FootC2 0.6500 FootC3 0.0300 
skin 456 Waist 0.0100 FootC1 0.5700 FootC2 0.4200 
skin 457 Waist 0.0900 FootC1 0.7000 FootC2 0.2100 
skin 458 Waist 0.3300 FootC1 0.6100 FootC2 0.0600 
skin 459 Head 1.0000 
skin 460 Head 1.0000 
skin 461 Head 1.0000 
skin 462 Head 1.0000 
skin 463 Head 1.0000 
skin 464 Head 1.0000 
skin 465 Head 1.0000 
skin 466 Head 1.0000 
skin 467 Head 1.0000 
skin 468 Head 1.0000 
skin 469 Head 1.0000 
skin 470 Head 1.0000 
skin 471 Head 1.0000 
skin 472 Head 1.0000 
skin 473 Head 1.0000 
skin 474 Head 1.0000 
skin 475 Head 1.0000 
skin 476 Head 1.0000 
skin 477 Head 1.0000 
skin 478 Head 1.0000 
skin 479 Head 1.0000 
skin 480 Head 1.0000 
skin 481 Head 1.0000 
skin 482 Head 1.0000 
skin 483 Head 1.0000 
skin 484 RArm2 0.2700 RHand 0.6200 RFinger 0.1100 
skin 485 RArm2 0.0700 RHand 0.5900 RFinger 0.3400 
skin 486 RArm2 0.1700 RHand 0.6300 RFinger 0.2000 
skin 487 RArm2 0.3200 RHand 0.5900 RFinger 0.0900 
skin 488 RArm2 0.0800 RHand 0.6000 RFinger 0.3200 
skin 489 RArm2 0.0500 RHand 0.5400 RFinger 0.4100 
skin 490 RArm2 0.4100 RHand 0.5400 RFinger 0.0500 
skin 491 RArm2 0.0400 RHand 0.5100 RFinger 0.4500 
skin 492 RArm2 0.0200 RHand 0.4800 RFinger 0.5000 
skin 493 RArm2 0.0100 RHand 0.4400 RFinger 0.5500 
skin 494 RArm2 0.0100 RHand 0.3400 RFinger 0.6500 
skin 495 RArm2 0.0100 RHand 0.2900 RFinger 0.7000 
skin 496 RArm2 0.4800 RHand 0.4800 RFinger 0.0400 
skin 497 RArm2 0.4800 RHand 0.4800 RFinger 0.0400 
skin 498 RArm2 0.6400 RHand 0.3500 RFinger 0.0100 
skin 499 RArm2 0.6400 RHand 0.3500 RFinger 0.0100 
skin 500 RArm1 0.2000 RArm2 0.7000 RHand 0.1000 
skin 501 RArm1 0.2000 RArm2 0.7000 RHand 0.1000 
skin 502 RArm1 0.4400 RArm2 0.5600 
skin 503 RArm1 0.4400 RArm2 0.5600 
skin 504 RArm1 0.8500 RArm2 0.1500 
skin 505 RArm1 0.8500 RArm2 0.1500 
skin 506 RArm1 1.0000 
skin 507 RArm1 1.0000 
skin 508 RArm2 0.0100 RHand 0.3400 RFinger 0.6500 
skin 509 RArm2 0.0100 RHand 0.4400 RFinger 0.5500 
skin 510 RArm2 0.1700 RHand 0.6300 RFinger 0.2000 
skin 511 RArm2 0.3200 RHand 0.5900 RFinger 0.0900 
skin 512 RArm2 0.0800 RHand 0.6000 RFinger 0.3200 
skin 513 RArm2 0.0500 RHand 0.5400 RFinger 0.4100 
skin 514 RArm2 0.4100 RHand 0.5400 RFinger 0.0500 
skin 515 RArm2 0.0400 RHand 0.5100 RFinger 0.4500 
skin 516 RArm2 0.4800 RHand 0.4800 RFinger 0.0400 
skin 517 RArm1 1.0000 
skin 518 RArm1 0.8500 RArm2 0.1500 
skin 519 RArm1 0.2000 RArm2 0.7000 RHand 0.1000 
skin 520 RArm2 0.6400 RHand 0.3500 RFinger 0.0100 
skin 521 RArm1 0.4400 RArm2 0.5600 
skin 522 RArm2 0.0700 RHand 0.5900 RFinger 0.3400 
skin 523 RArm2 0.2700 RHand 0.6200 RFinger 0.1100 
skin 524 RArm2 0.0200 RHand 0.4800 RFinger 0.5000 
skin 525 RArm2 0.4800 RHand 0.4800 RFinger 0.0400 
skin 526 RArm2 0.6400 RHand 0.3500 RFinger 0.0100 
skin 527 RArm1 0.2000 RArm2 0.7000 RHand 0.1000 
skin 528 RArm1 0.4400 RArm2 0.5600 
skin 529 RArm1 0.8500 RArm2 0.1500 
skin 530 RArm1 1.0000 
skin 531 RArm2 0.0100 RHand 0.4200 RFinger 0.5700 
skin 532 RArm2 0.0100 RHand 0.3000 RFinger 0.6900 
skin 533 RArm2 0.0200 RHand 0.4800 RFinger 0.5000 
skin 534 RArm2 0.0300 RHand 0.4900 RFinger 0.4800 
skin 535 RArm2 0.0600 RHand 0.5600 RFinger 0.3800 
skin 536 RArm2 0.0700 RHand 0.5900 RFinger 0.3400 
skin 537 RArm2 0.1500 RHand 0.6300 RFinger 0.2200 
skin 538 RArm2 0.2700 RHand 0.6200 RFinger 0.1100 
skin 539 RArm2 0.0100 RHand 0.3100 RFinger 0.6800 
skin 540 RArm2 0.0100 RHand 0.1800 RFinger 0.8100 
skin 541 RHand 0.1100 RFinger 0.8900 
skin 542 RHand 0.0700 RFinger 0.9300 
skin 543 RArm2 0.2700 RHand 0.6200 RFinger 0.1100 
skin 544 RArm2 0.3900 RHand 0.5500 RFinger 0.0600 
skin 545 RArm2 0.4700 RHand 0.4900 RFinger 0.0400 
skin 546 RArm2 0.4800 RHand 0.4800 RFinger 0.0400 
skin 547 RArm2 0.0600 RHand 0.5600 RFinger 0.3800 
skin 548 RHand 0.1100 RFinger 0.8900 
skin 549 RArm2 0.1500 RHand 0.6300 RFinger 0.2200 
skin 550 RArm2 0.2700 RHand 0.6200 RFinger 0.1100 
skin 551 RArm2 0.3900 RHand 0.5500 RFinger 0.0600 
skin 552 RArm2 0.4700 RHand 0.4900 RFinger 0.0400 
skin 553 RArm2 0.0100 RHand 0.1800 RFinger 0.8100 
skin 554 RArm2 0.0100 RHand 0.3100 RFinger 0.6800 
skin 555 RArm2 0.0100 RHand 0.4200 RFinger 0.5700 
skin 556 RArm2 0.0300 RHand 0.4900 RFinger 0.4800 
skin 557 RArm2 0.0200 RHand 0.4800 RFinger 0.5000 
skin 558 RArm2 0.0100 RHand 0.3000 RFinger 0.6900 
skin 559 RArm2 0.0700 RHand 0.5900 RFinger 0.3400 
skin 560 RArm2 0.2700 RHand 0.6200 RFinger 0.1100 
skin 561 LArm2 0.2700 LHand 0.6200 LFinger 0.1100 
skin 562 LArm2 0.1700 LHand 0.6300 LFinger 0.2000 
skin 563 LArm2 0.0700 LHand 0.5900 LFinger 0.3400 
skin 564 LArm2 0.3300 LHand 0.5900 LFinger 0.0800 
skin 565 LArm2 0.0900 LHand 0.5900 LFinger 0.3200 
skin 566 LArm2 0.0500 LHand 0.5400 LFinger 0.4100 
skin 567 LArm2 0.4400 LHand 0.5200 LFinger 0.0400 
skin 568 LArm2 0.0400 LHand 0.5100 LFinger 0.4500 
skin 569 LArm2 0.0200 LHand 0.4800 LFinger 0.5000 
skin 570 LArm2 0.0100 LHand 0.4400 LFinger 0.5500 
skin 571 LArm2 0.0100 LHand 0.3400 LFinger 0.6500 
skin 572 LArm2 0.0100 LHand 0.2900 LFinger 0.7000 
skin 573 LArm2 0.4800 LHand 0.4800 LFinger 0.0400 
skin 574 LArm2 0.4800 LHand 0.4800 LFinger 0.0400 
skin 575 LArm2 0.6400 LHand 0.3500 LFinger 0.0100 
skin 576 LArm2 0.6400 LHand 0.3500 LFinger 0.0100 
skin 577 LArm1 0.2000 LArm2 0.7000 LHand 0.1000 
skin 578 LArm1 0.2000 LArm2 0.7000 LHand 0.1000 
skin 579 LArm1 0.4400 LArm2 0.5600 
skin 580 LArm1 0.4400 LArm2 0.5600 
skin 581 LArm1 0.8500 LArm2 0.1500 
skin 582 LArm1 0.8500 LArm2 0.1500 
skin 583 LArm1 1.0000 
skin 584 LArm1 1.0000 
skin 585 LArm2 0.0100 LHand 0.3400 LFinger 0.6500 
skin 586 LArm2 0.0100 LHand 0.4400 LFinger 0.5500 
skin 587 LArm2 0.1700 LHand 0.6300 LFinger 0.2000 
skin 588 LArm2 0.3300 LHand 0.5900 LFinger 0.0800 
skin 589 LArm2 0.0900 LHand 0.5900 LFinger 0.3200 
skin 590 LArm2 0.0500 LHand 0.5400 LFinger 0.4100 
skin 591 LArm2 0.4400 LHand 0.5200 LFinger 0.0400 
skin 592 LArm2 0.0400 LHand 0.5100 LFinger 0.4500 
skin 593 LArm2 0.4800 LHand 0.4800 LFinger 0.0400 
skin 594 LArm1 1.0000 
skin 595 LArm1 0.8500 LArm2 0.1500 
skin 596 LArm1 0.2000 LArm2 0.7000 LHand 0.1000 
skin 597 LArm2 0.6400 LHand 0.3500 LFinger 0.0100 
skin 598 LArm1 0.4400 LArm2 0.5600 
skin 599 LArm2 0.2700 LHand 0.6200 LFinger 0.1100 
skin 600 LArm2 0.0700 LHand 0.5900 LFinger 0.3400 
skin 601 LArm2 0.0200 LHand 0.4800 LFinger 0.5000 
skin 602 LArm2 0.4800 LHand 0.4800 LFinger 0.0400 
skin 603 LArm2 0.6400 LHand 0.3500 LFinger 0.0100 
skin 604 LArm1 0.2000 LArm2 0.7000 LHand 0.1000 
skin 605 LArm1 0.4400 LArm2 0.5600 
skin 606 LArm1 0.8500 LArm2 0.1500 
skin 607 LArm1 1.0000 
skin 608 LArm2 0.0100 LHand 0.3000 LFinger 0.6900 
skin 609 LArm2 0.0100 LHand 0.4200 LFinger 0.5700 
skin 610 LArm2 0.0200 LHand 0.4800 LFinger 0.5000 
skin 611 LArm2 0.0300 LHand 0.4900 LFinger 0.4800 
skin 612 LArm2 0.0600 LHand 0.5600 LFinger 0.3800 
skin 613 LArm2 0.0700 LHand 0.5900 LFinger 0.3400 
skin 614 LArm2 0.1500 LHand 0.6300 LFinger 0.2200 
skin 615 LArm2 0.2700 LHand 0.6200 LFinger 0.1100 
skin 616 LArm2 0.0100 LHand 0.3100 LFinger 0.6800 
skin 617 LArm2 0.0100 LHand 0.1800 LFinger 0.8100 
skin 618 LHand 0.1100 LFinger 0.8900 
skin 619 LHand 0.0700 LFinger 0.9300 
skin 620 LArm2 0.2700 LHand 0.6200 LFinger 0.1100 
skin 621 LArm2 0.3900 LHand 0.5500 LFinger 0.0600 
skin 622 LArm2 0.4700 LHand 0.4900 LFinger 0.0400 
skin 623 LArm2 0.4800 LHand 0.4800 LFinger 0.0400 
skin 624 LArm2 0.0600 LHand 0.5600 LFinger 0.3800 
skin 625 LHand 0.1100 LFinger 0.8900 
skin 626 LArm2 0.1500 LHand 0.6300 LFinger 0.2200 
skin 627 LArm2 0.2700 LHand 0.6200 LFinger 0.1100 
skin 628 LArm2 0.3900 LHand 0.5500 LFinger 0.0600 
skin 629 LArm2 0.4700 LHand 0.4900 LFinger 0.0400 
skin 630 LArm2 0.0100 LHand 0.1800 LFinger 0.8100 
skin 631 LArm2 0.0100 LHand 0.3100 LFinger 0.6800 
skin 632 LArm2 0.0100 LHand 0.4200 LFinger 0.5700 
skin 633 LArm2 0.0300 LHand 0.4900 LFinger 0.4800 
skin 634 LArm2 0.0200 LHand 0.4800 LFinger 0.5000 
skin 635 LArm2 0.0100 LHand 0.3000 LFinger 0.6900 
skin 636 LArm2 0.0700 LHand 0.5900 LFinger 0.3400 
skin 637 LArm2 0.2700 LHand 0.6200 LFinger 0.1100 
skin 638 Head 1.0000 
skin 639 Neck 1.0000 
skin 640 Neck 1.0000 
skin 641 Neck 1.0000 
skin 642 Neck 1.0000 
skin 643 Neck 1.0000 
skin 644 Neck 1.0000 
skin 645 Neck 1.0000 
skin 646 Neck 1.0000 
skin 647 Neck 1.0000 
skin 648 Neck 1.0000 
skin 649 Waist 0.1000 Neck 0.9000 
skin 650 Neck 1.0000 
skin 651 Head 1.0000 
skin 652 Head 1.0000 
skin 653 Neck 1.0000 
skin 654 Neck 1.0000 
skin 655 Neck 1.0000 
skin 656 Neck 1.0000 
skin 657 Neck 1.0000 
skin 658 Waist 0.1000 Neck 0.9000 
skin 659 Neck 1.0000 
skin 660 Head 1.0000 
skin 661 Neck 1.0000 
skin 662 Neck 1.0000 
skin 663 Neck 1.0000 
skin 664 Neck 1.0000 
skin 665 Neck 1.0000 
skin 666 Neck 1.0000 
skin 667 Neck 1.0000 
skin 668 Neck 1.0000 
skin 669 Neck 1.0000 
skin 670 Neck 1.0000 
skin 671 Head 1.0000 
skin 672 Neck 1.0000 
skin 673 Neck 1.0000 
skin 674 Neck 1.0000 
skin 675 Neck 1.0000 
skin 676 Neck 1.0000 
skin 677 Waist 0.4500 Neck 0.5500 
skin 678 Waist 0.4500 Neck 0.5500 
skin 679 Neck 1.0000 
skin 680 Neck 1.0000 
skin 681 Neck 1.0000 
skin 682 Neck 1.0000 
skin 683 Neck 1.0000 
skin 684 Waist 0.1000 Neck 0.9000 
skin 685 Neck 1.0000 
skin 686 Head 1.0000 
skin 687 Neck 1.0000 
skin 688 Neck 1.0000 
skin 689 Waist 0.4500 Neck 0.5500 
skin 690 Neck 1.0000 
skin 691 Neck 1.0000 
skin 692 Neck 1.0000 
skin 693 Neck 1.0000 
skin 694 Neck 1.0000 
skin 695 Neck 1.0000 
skin 696 Neck 1.0000 
skin 697 Neck 1.0000 
skin 698 Neck 1.0000 
skin 699 Neck 1.0000 
skin 700 Head 1.0000 
skin 701 Neck 1.0000 
skin 702 Neck 1.0000 
skin 703 Neck 1.0000 
skin 704 Neck 1.0000 
skin 705 Neck 1.0000 
skin 706 Waist 0.4500 Neck 0.5500 
skin 707 Waist 0.4500 Neck 0.5500 
skin 708 Neck 1.0000 
skin 709 Neck 1.0000 
skin 710 Neck 1.0000 
skin 711 Neck 1.0000 
skin 712 Neck 1.0000 
skin 713 Waist 0.1000 Neck 0.9000 
skin 714 Neck 1.0000 
skin 715 Head 1.0000 
skin 716 Neck 1.0000 
skin 717 Neck 1.0000 
skin 718 Waist 0.4500 Neck 0.5500 
skin 719 Neck 1.0000 
skin 720 Neck 1.0000 
skin 721 Neck 1.0000 
skin 722 Neck 1.0000 
skin 723 Neck 1.0000 
skin 724 Neck 1.0000 
skin 725 Neck 1.0000 
skin 726 Neck 1.0000 
skin 727 Neck 1.0000 
skin 728 Neck 1.0000 
skin 729 Head 1.0000 
skin 730 Neck 1.0000 
skin 731 Neck 1.0000 
skin 732 Neck 1.0000 
skin 733 Neck 1.0000 
skin 734 Neck 1.0000 
skin 735 Neck 1.0000 
skin 736 Neck 1.0000 
skin 737 Neck 1.0000 
skin 738 Neck 1.0000 
skin 739 Neck 1.0000 
skin 740 Waist 0.4500 Neck 0.5500 
skin 741 Neck 1.0000 
skin 742 Neck 1.0000 
skin 743 Neck 1.0000 
skin 744 Neck 1.0000 
skin 745 Neck 1.0000 
skin 746 Neck 1.0000 
skin 747 Neck 1.0000 
skin 748 Waist 0.4500 Neck 0.5500 
skin 749 Neck 1.0000 
skin 750 Neck 1.0000 
hier Waist Neck
hier Waist LArm1
hier Waist RArm1
hier Waist FootA1
hier Waist FootB1
hier Waist FootC1
hier Neck Head
hier LArm1 LArm2
hier RArm1 RArm2
hier FootA1 FootA2
hier FootB1 FootB2
hier FootC1 FootC2
hier Head Loc_Eye
hier Head Loc_Mouth
hier LArm2 LHand
hier RArm2 RHand
hier FootA2 FootA3
hier FootB2 FootB3
hier FootC2 FootC3
hier LHand LFinger
hier RHand RFinger
