joints Root 0.00000000 0.05962850 0.00000000
joints Middle 0.00000000 0.29652250 -0.00000002
joints LeftEyeBrow 0.19243998 0.46539385 0.31079207
joints LeftEye 0.21806998 0.29716450 0.29412007
joints LeftEyeLidDown 0.21806998 0.29716450 0.29412007
joints LeftEyeLidUp 0.21806998 0.29716450 0.29412007
joints Mouth 0.00000002 0.13519850 0.07570567
joints Nose -0.00000002 0.15517050 0.39051607
joints RightEye -0.21813602 0.29713350 0.29416207
joints RightEyeBrow -0.18963302 0.45889708 0.31338807
joints RightEyeLidDown -0.21813602 0.29713350 0.29416207
joints RightEyeLidUp -0.21813602 0.29713350 0.29416207
joints Tail -0.02354542 0.24936950 -0.38242693
joints Up -0.00000002 0.48892240 0.00000000
joints Mouth_Down -0.00001030 0.12554050 0.40575507
joints Mouth_Left 0.09029228 0.14967650 0.40578607
joints Mouth_Right -0.09101312 0.14972550 0.40576107
joints Ear 0.19235598 0.60232850 -0.01018507
joints Ear2 -0.16168602 0.60662150 -0.01192262
root Root
skin 0 LeftEyeBrow 1.0000 
skin 1 LeftEyeBrow 1.0000 
skin 2 LeftEyeBrow 1.0000 
skin 3 LeftEyeBrow 1.0000 
skin 4 LeftEyeBrow 1.0000 
skin 5 LeftEyeBrow 1.0000 
skin 6 LeftEyeBrow 1.0000 
skin 7 LeftEyeBrow 1.0000 
skin 8 Middle 0.3100 Up 0.6900 
skin 9 Middle 0.1584 Up 0.7822 Ear 0.0594 
skin 10 Middle 0.3700 Up 0.6300 
skin 11 Middle 0.1980 Up 0.7822 Ear 0.0198 
skin 12 Middle 0.1800 Up 0.8200 
skin 13 Middle 0.0800 Up 0.8800 Ear 0.0400 
skin 14 Middle 0.2100 Up 0.7900 
skin 15 Middle 0.0891 Up 0.8119 Ear 0.0990 
skin 16 Middle 0.4600 Up 0.5400 
skin 17 Middle 0.2600 Up 0.7400 
skin 18 Middle 0.0404 Up 0.9192 Ear 0.0404 
skin 19 Middle 0.0202 Up 0.6970 Ear 0.2828 
skin 20 Middle 0.0800 Up 0.9100 Ear 0.0100 
skin 21 Middle 0.0404 Up 0.6364 Ear 0.3232 
skin 22 Middle 0.1111 Up 0.8384 Ear 0.0505 
skin 23 Root 0.5545 Middle 0.2673 Mouth 0.1683 Up 0.0099 
skin 24 Root 0.5842 Middle 0.3168 Mouth 0.0891 Up 0.0099 
skin 25 Root 0.3200 Middle 0.4800 Mouth 0.2000 
skin 26 Root 0.4059 Middle 0.5050 Mouth 0.0594 Up 0.0297 
skin 27 Root 0.1400 Middle 0.2600 Up 0.6000 
skin 28 Middle 0.1700 Up 0.8300 
skin 29 Root 0.1400 Middle 0.2800 Up 0.5800 
skin 30 Root 0.4343 Middle 0.5051 Mouth 0.0303 Up 0.0303 
skin 31 Root 0.6465 Middle 0.2929 Mouth 0.0505 Up 0.0101 
skin 32 Root 0.1000 Middle 0.5300 Up 0.3700 
skin 33 Root 0.0707 Middle 0.6364 Up 0.2929 
skin 34 Root 0.7100 Middle 0.2800 Up 0.0100 
skin 35 Root 0.7100 Middle 0.2800 Up 0.0100 
skin 36 Root 0.4356 Middle 0.5347 Up 0.0297 
skin 37 Root 0.4257 Middle 0.5446 Up 0.0297 
skin 38 Middle 0.1500 Up 0.8500 
skin 39 Root 0.1485 Middle 0.3168 Up 0.5347 
skin 40 Root 0.2600 Middle 0.4400 Up 0.3000 
skin 41 Root 0.2500 Middle 0.4800 Up 0.2700 
skin 42 Root 0.1400 Middle 0.3900 Up 0.4700 
skin 43 Root 0.7100 Middle 0.2800 Up 0.0100 
skin 44 Root 0.7200 Middle 0.2700 Up 0.0100 
skin 45 Root 0.4600 Middle 0.5100 Up 0.0300 
skin 46 Root 0.4500 Middle 0.5200 Up 0.0300 
skin 47 Root 0.2000 Middle 0.5900 Up 0.2100 
skin 48 Root 0.4500 Middle 0.5100 Mouth 0.0100 Up 0.0300 
skin 49 Root 0.6869 Middle 0.2929 Mouth 0.0101 Up 0.0101 
skin 50 Middle 0.0303 Up 0.6364 Ear 0.3333 
skin 51 Middle 0.1600 Up 0.8400 
skin 52 Root 0.1400 Middle 0.2600 Up 0.6000 
skin 53 Middle 0.0800 Up 0.9200 
skin 54 Middle 0.0800 Up 0.9200 
skin 55 Middle 0.1700 Up 0.8300 
skin 56 Middle 0.3400 Up 0.6600 
skin 57 Middle 0.2000 Up 0.8000 
skin 58 Root 0.0200 Middle 0.7100 LeftEyeLidUp 0.0100 Up 0.2600 
skin 59 Root 0.2500 Middle 0.4400 Up 0.3100 
skin 60 Root 0.1400 Middle 0.2600 Up 0.6000 
skin 61 Root 0.2600 Middle 0.4500 Up 0.2900 
skin 62 Middle 0.2600 Up 0.7400 
skin 63 Root 0.7200 Middle 0.2700 Up 0.0100 
skin 64 Root 0.4257 Middle 0.5446 Up 0.0297 
skin 65 Middle 0.0400 Up 0.9600 
skin 66 Middle 0.0400 Up 0.9600 
skin 67 Middle 0.3800 Up 0.6200 
skin 68 Middle 0.2400 Up 0.7600 
skin 69 Root 0.2500 Middle 0.4400 Up 0.3100 
skin 70 Root 0.2600 Middle 0.4200 Up 0.3200 
skin 71 Middle 0.1000 Up 0.7800 Ear 0.1200 
skin 72 Middle 0.0300 Up 0.6100 Ear 0.3600 
skin 73 Root 0.0700 Middle 0.7500 Up 0.1800 
skin 74 Root 0.1500 Middle 0.7400 Mouth 0.0100 Up 0.1000 
skin 75 Root 0.1700 Middle 0.6800 Up 0.1500 
skin 76 Root 0.8900 Middle 0.0800 Up 0.0300 
skin 77 Root 0.8800 Middle 0.0700 Mouth 0.0200 Up 0.0300 
skin 78 Root 0.7778 Middle 0.0707 Mouth 0.1313 Up 0.0202 
skin 79 Root 0.5100 Middle 0.1800 Mouth 0.3000 Up 0.0100 
skin 80 Root 0.4343 Middle 0.0808 Mouth 0.4646 Mouth_Left 0.0202 
skin 81 Root 0.8900 Middle 0.0800 Up 0.0300 
skin 82 Root 0.8200 Middle 0.0900 Mouth 0.0700 Up 0.0200 
skin 83 Root 0.9596 Middle 0.0202 Mouth 0.0101 Up 0.0101 
skin 84 Root 0.9697 Middle 0.0202 Up 0.0101 
skin 85 Root 0.9697 Middle 0.0202 Up 0.0101 
skin 86 Root 0.3200 Middle 0.5800 Up 0.1000 
skin 87 Root 0.3168 Middle 0.5842 Up 0.0990 
skin 88 Root 0.3300 Middle 0.5700 Mouth 0.0100 Up 0.0900 
skin 89 Root 0.3030 Middle 0.5960 Mouth 0.0303 Up 0.0707 
skin 90 Root 0.3200 Middle 0.5700 Up 0.1100 
skin 91 Root 0.3200 Middle 0.5800 Up 0.1000 
skin 92 Root 0.3300 Middle 0.5700 Up 0.1000 
skin 93 Root 0.3300 Middle 0.5600 Up 0.1100 
skin 94 Root 0.2323 Middle 0.6566 Mouth 0.0707 Up 0.0404 
skin 95 Middle 0.0693 Up 0.9010 Ear 0.0297 
skin 96 Middle 0.0900 Up 0.9100 
skin 97 Middle 0.0200 Up 0.9700 Ear 0.0100 
skin 98 Middle 0.0200 Up 0.9000 Ear 0.0800 
skin 99 Middle 0.0100 Up 0.7000 Ear 0.2900 
skin 100 Middle 0.0200 Up 0.6400 Ear 0.3400 
skin 101 Middle 0.0500 Up 0.8600 Ear 0.0900 
skin 102 Middle 0.0100 Up 0.8600 Ear 0.1300 
skin 103 Up 0.6869 Ear 0.3131 
skin 104 Middle 0.0900 Up 0.9100 
skin 105 Middle 0.0200 Up 0.9800 
skin 106 Up 1.0000 
skin 107 Up 0.9798 Ear 0.0202 
skin 108 Middle 0.0300 Up 0.9600 Ear 0.0100 
skin 109 Middle 0.0300 Up 0.9700 
skin 110 Root 0.9900 Middle 0.0100 
skin 111 Root 0.9900 Middle 0.0100 
skin 112 Root 0.9900 Middle 0.0100 
skin 113 Middle 0.5300 Nose 0.0400 Up 0.4300 
skin 114 Middle 0.5657 Nose 0.0101 Up 0.4242 
skin 115 Middle 0.7071 LeftEyeLidUp 0.0303 Nose 0.0101 Up 0.2525 
skin 116 Root 0.2626 Middle 0.4343 Mouth 0.3030 
skin 117 Root 0.2200 Middle 0.3500 Mouth 0.4100 Mouth_Left 0.0200 
skin 118 Root 0.2178 Middle 0.2475 Mouth 0.4950 Mouth_Left 0.0396 
skin 119 Root 0.1616 Middle 0.0909 Mouth 0.6364 Mouth_Left 0.1111 
skin 120 Root 0.1800 Middle 0.6300 LeftEyeLidDown 0.0200 Mouth 0.1700 
skin 121 Root 0.1200 Middle 0.8200 Mouth 0.0200 Up 0.0400 
skin 122 Root 0.1300 Middle 0.7500 LeftEyeLidDown 0.0600 Mouth 0.0600 
skin 123 Root 0.0700 Middle 0.8000 LeftEyeLidDown 0.1100 Up 0.0200 
skin 124 Root 0.1100 Middle 0.7400 LeftEyeLidDown 0.1100 Mouth 0.0400 
skin 125 Root 0.1300 Middle 0.7100 LeftEyeLidDown 0.0800 Mouth 0.0800 
skin 126 Root 0.1100 Middle 0.6800 LeftEyeLidDown 0.1600 Mouth 0.0500 
skin 127 Root 0.1300 Middle 0.7000 LeftEyeLidDown 0.0400 Mouth 0.1300 
skin 128 Root 0.0891 Middle 0.7030 LeftEyeLidDown 0.1485 Mouth 0.0594 
skin 129 Root 0.1600 Middle 0.5900 Mouth 0.2300 Mouth_Left 0.0200 
skin 130 Root 0.1200 Middle 0.6000 Mouth 0.2200 Mouth_Left 0.0600 
skin 131 Root 0.0900 Middle 0.7800 LeftEyeLidDown 0.0300 Mouth 0.1000 
skin 132 Root 0.0707 Middle 0.8283 LeftEyeLidDown 0.0606 Mouth 0.0404 
skin 133 Middle 0.4500 Mouth 0.1600 Nose 0.2100 Mouth_Left 0.1800 
skin 134 Root 0.0800 Middle 0.6800 Mouth 0.0800 Nose 0.1600 
skin 135 Root 0.0495 Middle 0.7723 LeftEyeLidDown 0.0693 Nose 0.1089 
skin 136 Root 0.0792 Middle 0.8515 LeftEyeLidUp 0.0099 Up 0.0594 
skin 137 Root 0.0500 Middle 0.8900 LeftEyeLidUp 0.0300 Up 0.0300 
skin 138 Root 0.0396 Middle 0.8119 LeftEyeLidUp 0.0198 Up 0.1287 
skin 139 Root 0.0101 Middle 0.8182 LeftEyeLidUp 0.0909 Up 0.0808 
skin 140 Root 0.0100 Middle 0.7400 LeftEyeLidUp 0.0500 Up 0.2000 
skin 141 Middle 0.6900 LeftEyeLidUp 0.1700 Up 0.1400 
skin 142 Middle 0.7100 LeftEyeLidUp 0.0900 Nose 0.0100 Up 0.1900 
skin 143 Middle 0.6600 LeftEyeLidUp 0.1900 Nose 0.0100 Up 0.1400 
skin 144 Middle 0.1414 LeftEyeLidDown 0.6465 LeftEyeLidUp 0.2121 
skin 145 Root 0.0100 Middle 0.3800 LeftEyeLidDown 0.3100 LeftEyeLidUp 0.3000 
skin 146 Middle 0.1500 LeftEyeLidDown 0.6400 LeftEyeLidUp 0.2100 
skin 147 Middle 0.1616 LeftEyeLidDown 0.6263 LeftEyeLidUp 0.2121 
skin 148 Middle 0.1800 LeftEyeLidDown 0.6100 LeftEyeLidUp 0.2100 
skin 149 Middle 0.3030 LeftEyeLidDown 0.4747 LeftEyeLidUp 0.2222 
skin 150 Middle 0.4100 LeftEyeLidDown 0.3200 LeftEyeLidUp 0.2600 Up 0.0100 
skin 151 Middle 0.2626 LeftEyeLidDown 0.2626 LeftEyeLidUp 0.4646 Up 0.0101 
skin 152 Middle 0.1485 LeftEyeLidDown 0.2475 LeftEyeLidUp 0.5842 Up 0.0198 
skin 153 Middle 0.1200 LeftEyeLidDown 0.2600 LeftEyeLidUp 0.6100 Up 0.0100 
skin 154 Middle 0.1200 LeftEyeLidDown 0.2600 LeftEyeLidUp 0.6100 Up 0.0100 
skin 155 Middle 0.1600 LeftEyeLidDown 0.2600 LeftEyeLidUp 0.5700 Up 0.0100 
skin 156 Middle 0.3800 LeftEyeLidDown 0.3000 LeftEyeLidUp 0.3200 
skin 157 Middle 0.2400 LeftEyeLidDown 0.2600 LeftEyeLidUp 0.4900 Up 0.0100 
skin 158 Middle 0.3800 LeftEyeLidDown 0.4000 LeftEyeLidUp 0.2200 
skin 159 Middle 0.2525 LeftEyeLidDown 0.5253 LeftEyeLidUp 0.2222 
skin 160 Middle 0.4700 LeftEyeLidUp 0.0100 Nose 0.3000 Up 0.2200 
skin 161 Middle 0.5446 LeftEyeLidUp 0.0594 Nose 0.2475 Up 0.1485 
skin 162 Middle 0.4100 Nose 0.4000 Up 0.1900 
skin 163 Middle 0.3600 Nose 0.4800 Up 0.1600 
skin 164 Middle 0.3267 LeftEyeLidUp 0.0099 Nose 0.5248 Up 0.1386 
skin 165 Nose 1.0000 
skin 166 Nose 1.0000 
skin 167 Nose 1.0000 
skin 168 Nose 1.0000 
skin 169 Nose 1.0000 
skin 170 Nose 1.0000 
skin 171 Nose 1.0000 
skin 172 Nose 1.0000 
skin 173 Nose 1.0000 
skin 174 Nose 1.0000 
skin 175 Nose 1.0000 
skin 176 Nose 1.0000 
skin 177 Nose 1.0000 
skin 178 Nose 1.0000 
skin 179 Nose 1.0000 
skin 180 Nose 1.0000 
skin 181 Root 0.0300 Middle 0.4100 Nose 0.5200 Up 0.0400 
skin 182 Middle 0.6238 LeftEyeLidDown 0.0891 Nose 0.2772 Up 0.0099 
skin 183 Middle 0.0100 Nose 0.9800 Up 0.0100 
skin 184 Middle 0.0100 Nose 0.9800 Up 0.0100 
skin 185 Middle 0.6535 LeftEyeLidDown 0.1386 LeftEyeLidUp 0.0594 Nose 0.1485 
skin 186 Middle 0.0100 Nose 0.9800 Up 0.0100 
skin 187 Middle 0.5859 LeftEyeLidUp 0.1111 Nose 0.2626 Up 0.0404 
skin 188 Middle 0.0099 Nose 0.9802 Up 0.0099 
skin 189 Middle 0.4000 LeftEyeLidUp 0.0300 Nose 0.4500 Up 0.1200 
skin 190 Middle 0.0200 Nose 0.9700 Up 0.0100 
skin 191 Middle 0.0198 Mouth 0.0198 Nose 0.8119 Mouth_Left 0.1485 
skin 192 Middle 0.1300 Mouth 0.0500 Nose 0.4300 Mouth_Left 0.3900 
skin 193 Nose 1.0000 
skin 194 Middle 0.0100 Nose 0.9800 Up 0.0100 
skin 195 Middle 0.2900 Nose 0.5700 Up 0.0700 Mouth_Left 0.0700 
skin 196 Middle 0.0100 Nose 0.9800 Up 0.0100 
skin 197 Middle 0.0303 Nose 0.9596 Up 0.0101 
skin 198 Middle 0.0300 Nose 0.9600 Up 0.0100 
skin 199 Nose 1.0000 
skin 200 Middle 0.0100 Mouth 0.0100 Nose 0.6500 Mouth_Left 0.3300 
skin 201 Middle 0.0600 Mouth 0.0400 Nose 0.2800 Mouth_Left 0.6200 
skin 202 Middle 0.2929 Mouth 0.2222 Nose 0.0909 Mouth_Left 0.3939 
skin 203 Middle 0.1100 Mouth 0.1000 Nose 0.0900 Mouth_Left 0.7000 
skin 204 Root 0.1800 Middle 0.4900 Mouth 0.3100 Mouth_Left 0.0200 
skin 205 Root 0.1584 Middle 0.3762 Mouth 0.3960 Mouth_Left 0.0693 
skin 206 Root 0.1089 Middle 0.2178 Mouth 0.3762 Mouth_Left 0.2970 
skin 207 Root 0.0500 Middle 0.0900 Mouth 0.2300 Mouth_Left 0.6300 
skin 208 Root 0.0800 Middle 0.0500 Mouth 0.4900 Mouth_Left 0.3800 
skin 209 Root 0.0800 Mouth 0.7200 Mouth_Down 0.0700 Mouth_Left 0.1300 
skin 210 Root 0.1485 Middle 0.0297 Mouth 0.7624 Mouth_Left 0.0594 
skin 211 Root 0.1200 Middle 0.0100 Mouth 0.8600 Mouth_Left 0.0100 
skin 212 Root 0.0800 Mouth 0.8100 Mouth_Down 0.0800 Mouth_Left 0.0300 
skin 213 Nose 1.0000 
skin 214 Nose 1.0000 
skin 215 Nose 0.9798 Mouth_Left 0.0202 
skin 216 Mouth 0.1111 Nose 0.2121 Mouth_Down 0.0909 Mouth_Left 0.5859 
skin 217 Mouth 0.2600 Nose 0.3900 Mouth_Down 0.0700 Mouth_Left 0.2800 
skin 218 Mouth 0.1818 Nose 0.2525 Mouth_Down 0.2929 Mouth_Left 0.2727 
skin 219 Mouth 0.2900 Nose 0.3900 Mouth_Down 0.1200 Mouth_Left 0.2000 
skin 220 Mouth 0.0900 Nose 0.2200 Mouth_Down 0.0500 Mouth_Left 0.6400 
skin 221 Mouth 0.2200 Nose 0.4300 Mouth_Down 0.0400 Mouth_Left 0.3100 
skin 222 Mouth 0.0808 Nose 0.2525 Mouth_Down 0.0404 Mouth_Left 0.6263 
skin 223 Mouth 0.2000 Nose 0.4500 Mouth_Down 0.0400 Mouth_Left 0.3100 
skin 224 Mouth 0.1000 Nose 0.3300 Mouth_Down 0.0500 Mouth_Left 0.5200 
skin 225 Mouth 0.2000 Nose 0.4600 Mouth_Down 0.0500 Mouth_Left 0.2900 
skin 226 Mouth 0.1111 Nose 0.6465 Mouth_Left 0.2121 Mouth_Right 0.0303 
skin 227 Mouth 0.2222 Nose 0.5152 Mouth_Down 0.0808 Mouth_Left 0.1818 
skin 228 Mouth 0.1111 Nose 0.7576 Mouth_Left 0.0808 Mouth_Right 0.0505 
skin 229 Mouth 0.2400 Nose 0.5500 Mouth_Down 0.1000 Mouth_Right 0.1100 
skin 230 Mouth 0.1900 Nose 0.2700 Mouth_Down 0.4500 Mouth_Left 0.0900 
skin 231 Mouth 0.3069 Nose 0.3762 Mouth_Down 0.1881 Mouth_Right 0.1287 
skin 232 Middle 0.0100 Mouth 0.0300 Nose 0.7100 Mouth_Left 0.2500 
skin 233 Middle 0.0300 Mouth 0.0700 Nose 0.3100 Mouth_Left 0.5900 
skin 234 Middle 0.0396 Mouth 0.0990 Nose 0.1584 Mouth_Left 0.7030 
skin 235 Middle 0.0400 Mouth 0.1400 Nose 0.1200 Mouth_Left 0.7000 
skin 236 Middle 0.0202 Mouth 0.2121 Mouth_Down 0.0808 Mouth_Left 0.6869 
skin 237 Root 0.0100 Mouth 0.3000 Mouth_Down 0.3400 Mouth_Left 0.3500 
skin 238 Root 0.0100 Mouth 0.2800 Mouth_Down 0.6100 Mouth_Left 0.1000 
skin 239 Up 1.0000 
skin 240 Middle 0.0100 Up 0.9900 
skin 241 Up 0.9300 Ear 0.0700 
skin 242 Middle 0.0100 Up 0.9400 Ear 0.0500 
skin 243 Middle 0.0100 Up 0.6700 Ear 0.3200 
skin 244 Middle 0.0101 Up 0.6768 Ear 0.3131 
skin 245 Middle 0.0300 Up 0.8700 Ear 0.1000 
skin 246 Middle 0.0100 Mouth 0.0100 Nose 0.9200 Mouth_Left 0.0600 
skin 247 Middle 0.0100 Mouth 0.0200 Nose 0.9000 Mouth_Left 0.0700 
skin 248 Ear 1.0000 
skin 249 Up 0.0200 Ear 0.9800 
skin 250 Up 0.0100 Ear 0.9900 
skin 251 Up 0.0200 Ear 0.9800 
skin 252 Up 0.0100 Ear 0.9900 
skin 253 Up 0.0100 Ear 0.9900 
skin 254 Middle 0.0100 Up 0.1000 Ear 0.8900 
skin 255 Middle 0.0100 Up 0.0900 Ear 0.9000 
skin 256 Middle 0.0297 Up 0.3861 Ear 0.5842 
skin 257 Middle 0.0200 Up 0.3800 Ear 0.6000 
skin 258 Middle 0.0100 Up 0.1200 Ear 0.8700 
skin 259 Middle 0.0100 Up 0.0800 Ear 0.9100 
skin 260 Middle 0.0100 Up 0.4400 Ear 0.5500 
skin 261 Middle 0.0200 Up 0.4300 Ear 0.5500 
skin 262 Middle 0.0101 Up 0.1313 Ear 0.8586 
skin 263 Middle 0.0202 Up 0.4343 Ear 0.5455 
skin 264 Up 0.4949 Ear 0.5051 
skin 265 Middle 0.0100 Up 0.4700 Ear 0.5200 
skin 266 Ear 1.0000 
skin 267 Up 0.0100 Ear 0.9900 
skin 268 Up 0.1414 Ear 0.8586 
skin 269 Up 0.1212 Ear 0.8788 
skin 270 Ear 1.0000 
skin 271 Middle 0.0100 Up 0.1300 Ear 0.8600 
skin 272 Middle 0.0100 Up 0.1400 Ear 0.8500 
skin 273 Middle 0.0200 Up 0.4800 Ear 0.5000 
skin 274 Middle 0.0202 Up 0.4444 Ear 0.5354 
skin 275 Middle 0.5300 Nose 0.0400 Up 0.4300 
skin 276 Middle 0.3900 Up 0.6100 
skin 277 Root 0.2600 Middle 0.4500 Up 0.2900 
skin 278 Root 0.1500 Middle 0.2700 Up 0.5800 
skin 279 Middle 0.0900 Up 0.9100 
skin 280 Middle 0.0400 Up 0.9600 
skin 281 Root 0.7200 Middle 0.2700 Up 0.0100 
skin 282 Root 0.4300 Middle 0.5400 Up 0.0300 
skin 283 Middle 0.1700 Up 0.8300 
skin 284 Middle 0.2400 Up 0.7600 
skin 285 Root 0.8812 Middle 0.0891 Up 0.0297 
skin 286 Root 0.9596 Middle 0.0202 Mouth 0.0101 Up 0.0101 
skin 287 Root 0.7900 Middle 0.0400 Mouth 0.1400 Up 0.0300 
skin 288 Root 0.3232 Middle 0.5859 Up 0.0909 
skin 289 Root 1.0000 
skin 290 Root 1.0000 
skin 291 Middle 0.4500 Nose 0.3700 Up 0.1800 
skin 292 Middle 0.4100 Nose 0.4200 Up 0.1700 
skin 293 Nose 1.0000 
skin 294 Nose 1.0000 
skin 295 Nose 1.0000 
skin 296 Nose 1.0000 
skin 297 Nose 1.0000 
skin 298 Root 0.3800 Middle 0.0400 Mouth 0.5600 Up 0.0200 
skin 299 Root 0.1111 Middle 0.0101 Mouth 0.8687 Mouth_Right 0.0101 
skin 300 Nose 1.0000 
skin 301 Nose 1.0000 
skin 302 Nose 1.0000 
skin 303 Nose 1.0000 
skin 304 Mouth 0.1100 Nose 0.6600 Mouth_Down 0.1700 Mouth_Right 0.0600 
skin 305 Mouth 0.1515 Nose 0.3939 Mouth_Down 0.3838 Mouth_Right 0.0707 
skin 306 Mouth 0.2800 Mouth_Down 0.6100 Mouth_Left 0.0500 Mouth_Right 0.0600 
skin 307 Root 0.0707 Mouth 0.8687 Mouth_Down 0.0505 Mouth_Right 0.0101 
skin 308 Mouth 0.0100 Nose 0.9700 Mouth_Left 0.0100 Mouth_Right 0.0100 
skin 309 Mouth 0.0100 Nose 0.9700 Mouth_Left 0.0100 Mouth_Right 0.0100 
skin 310 Middle 0.1500 Tail 0.8500 
skin 311 Middle 0.9000 Tail 0.1000 
skin 312 Middle 0.1400 Tail 0.8600 
skin 313 Middle 0.9000 Tail 0.1000 
skin 314 Middle 0.2200 Tail 0.7800 
skin 315 Middle 0.9400 Tail 0.0600 
skin 316 Middle 0.2100 Tail 0.7900 
skin 317 Middle 0.9400 Tail 0.0600 
skin 318 Middle 0.1800 Tail 0.8200 
skin 319 Middle 0.9500 Tail 0.0500 
skin 320 Middle 0.1600 Tail 0.8400 
skin 321 Middle 0.9200 Tail 0.0800 
skin 322 Tail 1.0000 
skin 323 Tail 1.0000 
skin 324 Tail 1.0000 
skin 325 Tail 1.0000 
skin 326 Tail 1.0000 
skin 327 Tail 1.0000 
skin 328 Tail 1.0000 
skin 329 Tail 1.0000 
skin 330 Tail 1.0000 
skin 331 Tail 1.0000 
skin 332 Tail 1.0000 
skin 333 Tail 1.0000 
skin 334 Tail 1.0000 
skin 335 Tail 1.0000 
skin 336 Tail 1.0000 
skin 337 Tail 1.0000 
skin 338 Tail 1.0000 
skin 339 Tail 1.0000 
skin 340 Tail 1.0000 
skin 341 Tail 1.0000 
skin 342 Tail 1.0000 
skin 343 Tail 1.0000 
skin 344 Tail 1.0000 
skin 345 Tail 1.0000 
skin 346 Tail 1.0000 
skin 347 Tail 1.0000 
skin 348 Tail 1.0000 
skin 349 Tail 1.0000 
skin 350 Tail 1.0000 
skin 351 Tail 1.0000 
skin 352 Tail 1.0000 
skin 353 Tail 1.0000 
skin 354 Tail 1.0000 
skin 355 Tail 1.0000 
skin 356 Tail 1.0000 
skin 357 Tail 1.0000 
skin 358 Tail 1.0000 
skin 359 Tail 1.0000 
skin 360 Tail 1.0000 
skin 361 Tail 1.0000 
skin 362 Tail 1.0000 
skin 363 Tail 1.0000 
skin 364 Tail 1.0000 
skin 365 Tail 1.0000 
skin 366 Tail 1.0000 
skin 367 Tail 1.0000 
skin 368 Tail 1.0000 
skin 369 Tail 1.0000 
skin 370 Tail 1.0000 
skin 371 Tail 1.0000 
skin 372 Tail 1.0000 
skin 373 Tail 1.0000 
skin 374 Tail 1.0000 
skin 375 Tail 1.0000 
skin 376 Tail 1.0000 
skin 377 Tail 1.0000 
skin 378 Tail 1.0000 
skin 379 Tail 1.0000 
skin 380 Tail 1.0000 
skin 381 Tail 1.0000 
skin 382 Tail 1.0000 
skin 383 Tail 1.0000 
skin 384 Tail 1.0000 
skin 385 Tail 1.0000 
skin 386 Tail 1.0000 
skin 387 Middle 0.5700 LeftEyeLidUp 0.1300 Nose 0.2200 Up 0.0800 
skin 388 Middle 0.6139 LeftEyeLidDown 0.0891 LeftEyeLidUp 0.2079 Nose 0.0891 
skin 389 Middle 0.6000 LeftEyeLidDown 0.2100 LeftEyeLidUp 0.1200 Nose 0.0700 
skin 390 Middle 0.5600 LeftEyeLidDown 0.3600 LeftEyeLidUp 0.0300 Nose 0.0500 
skin 391 Middle 0.3737 LeftEyeLidDown 0.4444 LeftEyeLidUp 0.1818 
skin 392 Root 0.0099 Middle 0.2178 LeftEyeLidDown 0.6040 LeftEyeLidUp 0.1683 
skin 393 Root 0.0100 Middle 0.2000 LeftEyeLidDown 0.6300 LeftEyeLidUp 0.1600 
skin 394 Middle 0.2121 LeftEyeLidDown 0.6263 LeftEyeLidUp 0.1616 
skin 395 Middle 0.2400 LeftEyeLidDown 0.6100 LeftEyeLidUp 0.1500 
skin 396 Middle 0.3400 LeftEyeLidDown 0.4900 LeftEyeLidUp 0.1600 Nose 0.0100 
skin 397 Root 0.0101 Middle 0.6263 LeftEyeLidDown 0.2222 LeftEyeLidUp 0.1414 
skin 398 Middle 0.3663 LeftEyeLidDown 0.2079 LeftEyeLidUp 0.4059 Up 0.0198 
skin 399 Middle 0.2000 LeftEyeLidDown 0.2000 LeftEyeLidUp 0.5700 Up 0.0300 
skin 400 Middle 0.1616 LeftEyeLidDown 0.2020 LeftEyeLidUp 0.6162 Up 0.0202 
skin 401 Middle 0.1500 LeftEyeLidDown 0.2100 LeftEyeLidUp 0.6200 Up 0.0200 
skin 402 Middle 0.2300 LeftEyeLidDown 0.2000 LeftEyeLidUp 0.5500 Up 0.0200 
skin 403 Middle 0.3300 LeftEyeLidDown 0.2000 LeftEyeLidUp 0.4500 Nose 0.0200 
skin 404 Middle 0.4900 LeftEyeLidUp 0.3800 Nose 0.0800 Up 0.0500 
skin 405 Middle 0.6300 LeftEyeLidUp 0.1700 Nose 0.1100 Up 0.0900 
skin 406 Middle 0.4500 LeftEyeLidUp 0.4600 Nose 0.0200 Up 0.0700 
skin 407 Middle 0.4444 LeftEyeLidUp 0.4747 Up 0.0808 
skin 408 Middle 0.4400 LeftEyeLidUp 0.4700 Up 0.0900 
skin 409 Middle 0.4646 LeftEyeLidDown 0.0101 LeftEyeLidUp 0.4545 Up 0.0707 
skin 410 Middle 0.6100 LeftEyeLidDown 0.1200 LeftEyeLidUp 0.2300 Up 0.0400 
skin 411 Root 0.0200 Middle 0.5600 LeftEyeLidDown 0.3400 LeftEyeLidUp 0.0800 
skin 412 Root 0.0297 Middle 0.4059 LeftEyeLidDown 0.5446 LeftEyeLidUp 0.0198 
skin 413 Root 0.0200 Middle 0.3300 LeftEyeLidDown 0.6400 LeftEyeLidUp 0.0100 
skin 414 Root 0.0200 Middle 0.3600 LeftEyeLidDown 0.6200 
skin 415 Root 0.0100 Middle 0.4400 LeftEyeLidDown 0.5300 LeftEyeLidUp 0.0200 
skin 416 LeftEyeBrow 1.0000 
skin 417 LeftEyeBrow 1.0000 
skin 418 LeftEyeBrow 1.0000 
skin 419 LeftEyeBrow 1.0000 
skin 420 LeftEyeBrow 1.0000 
skin 421 LeftEyeBrow 1.0000 
skin 422 LeftEyeBrow 1.0000 
skin 423 LeftEyeBrow 1.0000 
skin 424 LeftEyeBrow 1.0000 
skin 425 LeftEyeBrow 1.0000 
skin 426 LeftEyeBrow 1.0000 
skin 427 LeftEyeBrow 1.0000 
skin 428 LeftEyeBrow 1.0000 
skin 429 LeftEyeBrow 1.0000 
skin 430 LeftEyeBrow 1.0000 
skin 431 LeftEyeBrow 1.0000 
skin 432 RightEyeBrow 1.0000 
skin 433 RightEyeBrow 1.0000 
skin 434 RightEyeBrow 1.0000 
skin 435 RightEyeBrow 1.0000 
skin 436 RightEyeBrow 1.0000 
skin 437 RightEyeBrow 1.0000 
skin 438 RightEyeBrow 1.0000 
skin 439 RightEyeBrow 1.0000 
skin 440 Middle 0.3400 Up 0.6500 Ear2 0.0100 
skin 441 Middle 0.2800 Up 0.6900 Ear2 0.0300 
skin 442 Middle 0.5600 Up 0.4400 
skin 443 Middle 0.4800 Up 0.5200 
skin 444 Middle 0.1188 Up 0.8020 Ear2 0.0792 
skin 445 Middle 0.1000 Up 0.8600 Ear2 0.0400 
skin 446 Middle 0.2600 Up 0.7400 
skin 447 Middle 0.2100 Up 0.7900 
skin 448 Middle 0.4000 Up 0.6000 
skin 449 Middle 0.6200 Up 0.3800 
skin 450 Middle 0.0300 Up 0.7200 Ear2 0.2500 
skin 451 Middle 0.0900 Up 0.8900 Ear2 0.0200 
skin 452 Middle 0.0495 Up 0.8911 Ear2 0.0594 
skin 453 Middle 0.1900 Up 0.7800 Ear2 0.0300 
skin 454 Middle 0.0700 Up 0.7200 Ear2 0.2100 
skin 455 Root 0.3960 Middle 0.5248 Mouth 0.0594 Up 0.0198 
skin 456 Root 0.5842 Middle 0.3168 Mouth 0.0891 Up 0.0099 
skin 457 Root 0.3200 Middle 0.5000 Mouth 0.1800 
skin 458 Root 0.5600 Middle 0.2700 Mouth 0.1600 Up 0.0100 
skin 459 Middle 0.1900 Up 0.8100 
skin 460 Root 0.1600 Middle 0.3200 Up 0.5200 
skin 461 Root 0.1600 Middle 0.3000 Up 0.5400 
skin 462 Root 0.6500 Middle 0.2900 Mouth 0.0500 Up 0.0100 
skin 463 Root 0.4400 Middle 0.5100 Mouth 0.0300 Up 0.0200 
skin 464 Root 0.0500 Middle 0.6900 Up 0.2600 
skin 465 Root 0.1100 Middle 0.5800 Up 0.3100 
skin 466 Root 0.4300 Middle 0.5400 Up 0.0300 
skin 467 Root 0.7100 Middle 0.2800 Up 0.0100 
skin 468 Root 0.4400 Middle 0.5300 Up 0.0300 
skin 469 Root 0.7100 Middle 0.2800 Up 0.0100 
skin 470 Middle 0.2300 Up 0.7600 Ear2 0.0100 
skin 471 Root 0.1717 Middle 0.3535 Up 0.4747 
skin 472 Root 0.1600 Middle 0.4200 Up 0.4200 
skin 473 Root 0.2727 Middle 0.5152 Up 0.2121 
skin 474 Root 0.2800 Middle 0.4800 Up 0.2400 
skin 475 Root 0.4455 Middle 0.5248 Up 0.0297 
skin 476 Root 0.7200 Middle 0.2700 Up 0.0100 
skin 477 Root 0.4554 Middle 0.5149 Up 0.0297 
skin 478 Root 0.7100 Middle 0.2800 Up 0.0100 
skin 479 Root 0.2277 Middle 0.6238 Up 0.1485 
skin 480 Root 0.6869 Middle 0.2929 Mouth 0.0101 Up 0.0101 
skin 481 Root 0.4500 Middle 0.5100 Mouth 0.0100 Up 0.0300 
skin 482 Middle 0.0500 Up 0.6900 Ear2 0.2600 
skin 483 Root 0.1500 Middle 0.2900 Up 0.5600 
skin 484 Middle 0.1800 Up 0.8200 
skin 485 Middle 0.0900 Up 0.9100 
skin 486 Middle 0.1800 Up 0.8200 
skin 487 Middle 0.0800 Up 0.9200 
skin 488 Middle 0.2700 Up 0.7300 
skin 489 Middle 0.4300 Up 0.5700 
skin 490 Middle 0.7300 RightEyeLidUp 0.0600 Up 0.2100 
skin 491 Root 0.2700 Middle 0.4500 Up 0.2800 
skin 492 Root 0.2700 Middle 0.4400 Up 0.2900 
skin 493 Root 0.1500 Middle 0.2800 Up 0.5700 
skin 494 Middle 0.3600 Up 0.6400 
skin 495 Root 0.4300 Middle 0.5400 Up 0.0300 
skin 496 Root 0.7200 Middle 0.2700 Up 0.0100 
skin 497 Middle 0.0500 Up 0.9400 Ear2 0.0100 
skin 498 Middle 0.0400 Up 0.9600 
skin 499 Middle 0.2700 Up 0.7300 
skin 500 Middle 0.4300 Up 0.5700 
skin 501 Root 0.2800 Middle 0.4700 Up 0.2500 
skin 502 Root 0.2700 Middle 0.4700 Up 0.2600 
skin 503 Middle 0.0500 Up 0.7100 Ear2 0.2400 
skin 504 Middle 0.1782 Up 0.7525 Ear2 0.0693 
skin 505 Root 0.1700 Middle 0.7100 Mouth 0.0100 Up 0.1100 
skin 506 Root 0.1300 Middle 0.7800 Mouth 0.0100 Up 0.0800 
skin 507 Root 0.0400 Middle 0.7300 RightEyeLidUp 0.0400 Up 0.1900 
skin 508 Root 0.8900 Middle 0.0800 Up 0.0300 
skin 509 Root 0.8800 Middle 0.0700 Mouth 0.0200 Up 0.0300 
skin 510 Root 0.5100 Middle 0.1800 Mouth 0.2800 Mouth_Right 0.0300 
skin 511 Root 0.7700 Middle 0.0700 Mouth 0.1300 Up 0.0300 
skin 512 Root 0.4300 Middle 0.0900 Mouth 0.4200 Mouth_Right 0.0600 
skin 513 Root 0.8911 Middle 0.0792 Up 0.0297 
skin 514 Root 0.8283 Middle 0.0808 Mouth 0.0707 Up 0.0202 
skin 515 Root 0.9596 Middle 0.0202 Mouth 0.0101 Up 0.0101 
skin 516 Root 0.9700 Middle 0.0200 Up 0.0100 
skin 517 Root 0.3200 Middle 0.5800 Up 0.1000 
skin 518 Root 0.3232 Middle 0.5758 Up 0.1010 
skin 519 Root 0.2871 Middle 0.6337 Mouth 0.0396 Up 0.0396 
skin 520 Root 0.3333 Middle 0.5960 Mouth 0.0101 Up 0.0606 
skin 521 Root 0.3200 Middle 0.5900 Up 0.0900 
skin 522 Root 0.3267 Middle 0.5842 Up 0.0891 
skin 523 Root 0.3366 Middle 0.5743 Up 0.0891 
skin 524 Root 0.3400 Middle 0.5800 Up 0.0800 
skin 525 Root 0.2079 Middle 0.7030 Mouth 0.0594 Up 0.0297 
skin 526 Middle 0.1000 Up 0.9000 
skin 527 Middle 0.0800 Up 0.9000 Ear2 0.0200 
skin 528 Middle 0.0200 Up 0.8800 Ear2 0.1000 
skin 529 Middle 0.0200 Up 0.9500 Ear2 0.0300 
skin 530 Middle 0.0100 Up 0.7200 Ear2 0.2700 
skin 531 Middle 0.0700 Up 0.8800 Ear2 0.0500 
skin 532 Middle 0.0300 Up 0.7200 Ear2 0.2500 
skin 533 Middle 0.0100 Up 0.7000 Ear2 0.2900 
skin 534 Middle 0.0100 Up 0.8500 Ear2 0.1400 
skin 535 Up 0.9700 Ear2 0.0300 
skin 536 Middle 0.0300 Up 0.9600 Ear2 0.0100 
skin 537 Root 0.9900 Middle 0.0100 
skin 538 Root 0.9900 Middle 0.0100 
skin 539 Middle 0.6337 RightEyeLidUp 0.0099 Up 0.3564 
skin 540 Middle 0.5800 Nose 0.0200 Up 0.4000 
skin 541 Middle 0.7500 RightEyeLidUp 0.0500 Up 0.2000 
skin 542 Root 0.2626 Middle 0.4545 Mouth 0.2727 Mouth_Right 0.0101 
skin 543 Root 0.2100 Middle 0.3600 Mouth 0.3500 Mouth_Right 0.0800 
skin 544 Root 0.1500 Middle 0.0900 Mouth 0.4600 Mouth_Right 0.3000 
skin 545 Root 0.2121 Middle 0.2525 Mouth 0.4040 Mouth_Right 0.1313 
skin 546 Root 0.1683 Middle 0.6832 Mouth 0.1386 Mouth_Right 0.0099 
skin 547 Root 0.1100 Middle 0.8400 Mouth 0.0400 Up 0.0100 
skin 548 Root 0.1100 Middle 0.8600 Mouth 0.0100 Up 0.0200 
skin 549 Root 0.0900 Middle 0.8500 Mouth 0.0300 RightEyeLidDown 0.0300 
skin 550 Root 0.0505 Middle 0.9192 RightEyeLidDown 0.0202 Up 0.0101 
skin 551 Root 0.1100 Middle 0.8200 Mouth 0.0600 RightEyeLidDown 0.0100 
skin 552 Root 0.0900 Middle 0.8100 Mouth 0.0400 RightEyeLidDown 0.0600 
skin 553 Root 0.0800 Middle 0.7900 Mouth 0.0400 RightEyeLidDown 0.0900 
skin 554 Root 0.1188 Middle 0.7327 Mouth 0.0990 Mouth_Right 0.0495 
skin 555 Root 0.0900 Middle 0.7300 Mouth 0.0700 Mouth_Right 0.1100 
skin 556 Root 0.1100 Middle 0.5200 Mouth 0.1600 Mouth_Right 0.2100 
skin 557 Root 0.1500 Middle 0.6000 Mouth 0.1800 Mouth_Right 0.0700 
skin 558 Root 0.0700 Middle 0.8200 RightEyeLidDown 0.0400 Mouth_Right 0.0700 
skin 559 Root 0.0600 Middle 0.5800 Nose 0.1500 Mouth_Right 0.2100 
skin 560 Middle 0.3200 Mouth 0.0900 Nose 0.1800 Mouth_Right 0.4100 
skin 561 Root 0.0404 Middle 0.8081 Nose 0.1111 Mouth_Right 0.0404 
skin 562 Root 0.0700 Middle 0.8600 RightEyeLidUp 0.0100 Up 0.0600 
skin 563 Root 0.0400 Middle 0.9200 RightEyeLidUp 0.0100 Up 0.0300 
skin 564 Middle 0.5200 RightEyeLidDown 0.3300 RightEyeLidUp 0.1500 
skin 565 Root 0.0100 Middle 0.7700 RightEyeLidDown 0.1300 RightEyeLidUp 0.0900 
skin 566 Root 0.0100 Middle 0.6200 RightEyeLidDown 0.2000 RightEyeLidUp 0.1700 
skin 567 Root 0.0200 Middle 0.7500 RightEyeLidUp 0.0900 Up 0.1400 
skin 568 Root 0.0100 Middle 0.7800 RightEyeLidUp 0.1400 Up 0.0700 
skin 569 Middle 0.7400 RightEyeLidUp 0.1100 Up 0.1500 
skin 570 Middle 0.7100 RightEyeLidUp 0.1900 Up 0.1000 
skin 571 Middle 0.7700 RightEyeLidUp 0.0900 Up 0.1400 
skin 572 Middle 0.7327 RightEyeLidUp 0.1683 Up 0.0990 
skin 573 Middle 0.3900 RightEyeLidDown 0.3200 RightEyeLidUp 0.2700 Up 0.0200 
skin 574 Middle 0.1818 RightEyeLidDown 0.6364 RightEyeLidUp 0.1818 
skin 575 Middle 0.2020 RightEyeLidDown 0.6263 RightEyeLidUp 0.1717 
skin 576 Middle 0.1515 RightEyeLidDown 0.6465 RightEyeLidUp 0.2020 
skin 577 Middle 0.1800 RightEyeLidDown 0.6200 RightEyeLidUp 0.2000 
skin 578 Middle 0.3838 RightEyeLidDown 0.4141 RightEyeLidUp 0.2020 
skin 579 Middle 0.5253 RightEyeLidDown 0.2525 RightEyeLidUp 0.2222 
skin 580 Middle 0.2700 RightEyeLidDown 0.2500 RightEyeLidUp 0.4700 Up 0.0100 
skin 581 Middle 0.1616 RightEyeLidDown 0.2424 RightEyeLidUp 0.5859 Up 0.0101 
skin 582 Middle 0.1500 RightEyeLidDown 0.2500 RightEyeLidUp 0.5900 Up 0.0100 
skin 583 Middle 0.1500 RightEyeLidDown 0.2700 RightEyeLidUp 0.5700 Up 0.0100 
skin 584 Middle 0.2000 RightEyeLidDown 0.2700 RightEyeLidUp 0.5200 Up 0.0100 
skin 585 Middle 0.4257 Nose 0.0099 RightEyeLidDown 0.3168 RightEyeLidUp 0.2475 
skin 586 Middle 0.3100 RightEyeLidDown 0.2800 RightEyeLidUp 0.4100 
skin 587 Middle 0.4100 Nose 0.0200 RightEyeLidDown 0.4000 RightEyeLidUp 0.1700 
skin 588 Middle 0.3030 Nose 0.0101 RightEyeLidDown 0.5051 RightEyeLidUp 0.1818 
skin 589 Middle 0.5545 Nose 0.2475 RightEyeLidUp 0.0099 Up 0.1881 
skin 590 Middle 0.6600 Nose 0.1800 RightEyeLidUp 0.0400 Up 0.1200 
skin 591 Middle 0.4000 Nose 0.4700 Up 0.1300 
skin 592 Middle 0.4200 Nose 0.4300 Up 0.1500 
skin 593 Middle 0.4700 Nose 0.3500 Up 0.1800 
skin 594 Nose 1.0000 
skin 595 Nose 1.0000 
skin 596 Nose 1.0000 
skin 597 Nose 1.0000 
skin 598 Nose 1.0000 
skin 599 Nose 1.0000 
skin 600 Nose 1.0000 
skin 601 Nose 1.0000 
skin 602 Nose 1.0000 
skin 603 Middle 0.0101 Nose 0.9899 
skin 604 Nose 1.0000 
skin 605 Nose 1.0000 
skin 606 Nose 1.0000 
skin 607 Middle 0.0200 Nose 0.9700 Up 0.0100 
skin 608 Middle 0.0100 Nose 0.9800 Up 0.0100 
skin 609 Middle 0.0300 Nose 0.9600 Up 0.0100 
skin 610 Middle 0.0300 Nose 0.9500 Up 0.0200 
skin 611 Middle 0.7200 Nose 0.2500 RightEyeLidDown 0.0300 
skin 612 Middle 0.0303 Nose 0.9495 Up 0.0202 
skin 613 Root 0.0100 Middle 0.5300 Nose 0.4300 Mouth_Right 0.0300 
skin 614 Middle 0.0300 Nose 0.9600 Up 0.0100 
skin 615 Middle 0.7700 Nose 0.1800 RightEyeLidDown 0.0400 RightEyeLidUp 0.0100 
skin 616 Middle 0.0200 Nose 0.9700 Up 0.0100 
skin 617 Middle 0.7100 Nose 0.2200 RightEyeLidUp 0.0300 Up 0.0400 
skin 618 Middle 0.0100 Nose 0.9800 Up 0.0100 
skin 619 Middle 0.4848 Nose 0.3939 RightEyeLidUp 0.0101 Up 0.1111 
skin 620 Middle 0.0303 Nose 0.9495 Up 0.0202 
skin 621 Middle 0.3300 Mouth 0.0200 Nose 0.4800 Mouth_Right 0.1700 
skin 622 Middle 0.0198 Nose 0.9604 Up 0.0099 Mouth_Right 0.0099 
skin 623 Middle 0.1000 Mouth 0.0400 Nose 0.4200 Mouth_Right 0.4400 
skin 624 Middle 0.0100 Nose 0.9800 Up 0.0100 
skin 625 Middle 0.0100 Nose 0.9900 
skin 626 Nose 0.9900 Mouth_Right 0.0100 
skin 627 Nose 1.0000 
skin 628 Middle 0.0100 Mouth 0.0100 Nose 0.8200 Mouth_Right 0.1600 
skin 629 Middle 0.0400 Mouth 0.0500 Nose 0.3100 Mouth_Right 0.6000 
skin 630 Middle 0.0100 Mouth 0.0300 Nose 0.7400 Mouth_Right 0.2200 
skin 631 Middle 0.1700 Mouth 0.1200 Nose 0.0900 Mouth_Right 0.6200 
skin 632 Middle 0.0594 Mouth 0.0693 Nose 0.0990 Mouth_Right 0.7723 
skin 633 Root 0.1717 Middle 0.5051 Mouth 0.2424 Mouth_Right 0.0808 
skin 634 Root 0.1400 Middle 0.3400 Mouth 0.2900 Mouth_Right 0.2300 
skin 635 Root 0.0900 Middle 0.1300 Mouth 0.2200 Mouth_Right 0.5600 
skin 636 Root 0.0400 Middle 0.0400 Mouth 0.1300 Mouth_Right 0.7900 
skin 637 Root 0.0800 Middle 0.0300 Mouth 0.3300 Mouth_Right 0.5600 
skin 638 Root 0.1400 Middle 0.0300 Mouth 0.6600 Mouth_Right 0.1700 
skin 639 Root 0.0800 Mouth 0.6500 Mouth_Down 0.0300 Mouth_Right 0.2400 
skin 640 Root 0.0707 Mouth 0.8081 Mouth_Down 0.0606 Mouth_Right 0.0606 
skin 641 Root 0.1200 Middle 0.0100 Mouth 0.8300 Mouth_Right 0.0400 
skin 642 Nose 1.0000 
skin 643 Nose 0.9700 Mouth_Right 0.0300 
skin 644 Nose 1.0000 
skin 645 Mouth 0.3200 Nose 0.3400 Mouth_Down 0.1000 Mouth_Right 0.2400 
skin 646 Mouth 0.3030 Nose 0.3030 Mouth_Down 0.0404 Mouth_Right 0.3535 
skin 647 Mouth 0.2200 Nose 0.3100 Mouth_Down 0.2500 Mouth_Right 0.2200 
skin 648 Mouth 0.1900 Nose 0.2100 Mouth_Down 0.0800 Mouth_Right 0.5200 
skin 649 Mouth 0.2800 Nose 0.3200 Mouth_Down 0.0300 Mouth_Right 0.3700 
skin 650 Mouth 0.1500 Nose 0.1800 Mouth_Down 0.0400 Mouth_Right 0.6300 
skin 651 Mouth 0.2700 Nose 0.3500 Mouth_Down 0.0300 Mouth_Right 0.3500 
skin 652 Mouth 0.1500 Nose 0.2300 Mouth_Down 0.0400 Mouth_Right 0.5800 
skin 653 Mouth 0.2574 Nose 0.3762 Mouth_Down 0.0396 Mouth_Right 0.3267 
skin 654 Mouth 0.1600 Nose 0.3200 Mouth_Down 0.0500 Mouth_Right 0.4700 
skin 655 Mouth 0.2475 Nose 0.4653 Mouth_Down 0.0792 Mouth_Right 0.2079 
skin 656 Mouth 0.1400 Nose 0.5500 Mouth_Down 0.1200 Mouth_Right 0.1900 
skin 657 Mouth 0.1200 Nose 0.7500 Mouth_Left 0.0400 Mouth_Right 0.0900 
skin 658 Mouth 0.1683 Nose 0.3762 Mouth_Down 0.3564 Mouth_Right 0.0990 
skin 659 Middle 0.0200 Mouth 0.1000 Nose 0.3400 Mouth_Right 0.5400 
skin 660 Middle 0.0100 Mouth 0.0700 Nose 0.7000 Mouth_Right 0.2200 
skin 661 Middle 0.0200 Mouth 0.1300 Nose 0.1700 Mouth_Right 0.6800 
skin 662 Mouth 0.1485 Nose 0.0396 Mouth_Down 0.0198 Mouth_Right 0.7921 
skin 663 Mouth 0.2200 Nose 0.0200 Mouth_Down 0.0500 Mouth_Right 0.7100 
skin 664 Root 0.0100 Mouth 0.3600 Mouth_Down 0.3000 Mouth_Right 0.3300 
skin 665 Mouth 0.3200 Mouth_Down 0.5500 Mouth_Left 0.0400 Mouth_Right 0.0900 
skin 666 Middle 0.0100 Up 0.9500 Ear2 0.0400 
skin 667 Up 0.9300 Ear2 0.0700 
skin 668 Middle 0.0198 Up 0.7129 Ear2 0.2673 
skin 669 Middle 0.0100 Up 0.7000 Ear2 0.2900 
skin 670 Middle 0.0396 Up 0.8911 Ear2 0.0693 
skin 671 Root 0.0100 Mouth 0.0100 Nose 0.9300 Mouth_Right 0.0500 
skin 672 Middle 0.0100 Mouth 0.0300 Nose 0.9100 Mouth_Right 0.0500 
skin 673 Ear2 1.0000 
skin 674 Ear2 1.0000 
skin 675 Ear2 1.0000 
skin 676 Ear2 1.0000 
skin 677 Ear2 1.0000 
skin 678 Ear2 1.0000 
skin 679 Middle 0.0100 Up 0.1400 Ear2 0.8500 
skin 680 Middle 0.0100 Up 0.1400 Ear2 0.8500 
skin 681 Middle 0.0300 Up 0.4700 Ear2 0.5000 
skin 682 Middle 0.0396 Up 0.4752 Ear2 0.4851 
skin 683 Middle 0.0198 Up 0.1188 Ear2 0.8614 
skin 684 Middle 0.0100 Up 0.1500 Ear2 0.8400 
skin 685 Middle 0.0200 Up 0.4700 Ear2 0.5100 
skin 686 Middle 0.0200 Up 0.4500 Ear2 0.5300 
skin 687 Middle 0.0101 Up 0.1818 Ear2 0.8081 
skin 688 Middle 0.0297 Up 0.5050 Ear2 0.4653 
skin 689 Middle 0.0100 Up 0.4800 Ear2 0.5100 
skin 690 Middle 0.0100 Up 0.5100 Ear2 0.4800 
skin 691 Middle 0.0099 Up 0.1386 Ear2 0.8515 
skin 692 Ear2 1.0000 
skin 693 Middle 0.0099 Up 0.1782 Ear2 0.8119 
skin 694 Ear2 1.0000 
skin 695 Middle 0.0100 Up 0.1400 Ear2 0.8500 
skin 696 Up 0.0100 Ear2 0.9900 
skin 697 Middle 0.0100 Up 0.2000 Ear2 0.7900 
skin 698 Middle 0.0200 Up 0.5200 Ear2 0.4600 
skin 699 Middle 0.0300 Up 0.5100 Ear2 0.4600 
skin 700 Nose 1.0000 
skin 701 Middle 0.7200 Nose 0.1600 RightEyeLidUp 0.0600 Up 0.0600 
skin 702 Middle 0.6300 Nose 0.0600 RightEyeLidDown 0.2300 RightEyeLidUp 0.0800 
skin 703 Middle 0.7000 Nose 0.0600 RightEyeLidDown 0.1100 RightEyeLidUp 0.1300 
skin 704 Middle 0.5556 Nose 0.0707 RightEyeLidDown 0.3232 RightEyeLidUp 0.0505 
skin 705 Middle 0.2800 RightEyeLidDown 0.5700 RightEyeLidUp 0.1500 
skin 706 Middle 0.2500 RightEyeLidDown 0.6000 RightEyeLidUp 0.1500 
skin 707 Middle 0.2400 RightEyeLidDown 0.6200 RightEyeLidUp 0.1400 
skin 708 Middle 0.2475 Nose 0.0099 RightEyeLidDown 0.6139 RightEyeLidUp 0.1287 
skin 709 Middle 0.3535 Nose 0.0202 RightEyeLidDown 0.4949 RightEyeLidUp 0.1313 
skin 710 Root 0.0200 Middle 0.7200 RightEyeLidDown 0.2600 
skin 711 Middle 0.5600 RightEyeLidUp 0.4000 Up 0.0400 
skin 712 Middle 0.4257 RightEyeLidDown 0.0297 RightEyeLidUp 0.5050 Up 0.0396 
skin 713 Middle 0.4100 RightEyeLidUp 0.5500 Up 0.0400 
skin 714 Middle 0.4200 RightEyeLidDown 0.0200 RightEyeLidUp 0.5300 Up 0.0300 
skin 715 Middle 0.4900 RightEyeLidDown 0.0400 RightEyeLidUp 0.4500 Up 0.0200 
skin 716 Middle 0.6040 Nose 0.0297 RightEyeLidDown 0.0594 RightEyeLidUp 0.3069 
skin 717 Middle 0.7600 Nose 0.0700 RightEyeLidUp 0.1000 Up 0.0700 
skin 718 Root 0.0200 Middle 0.4500 RightEyeLidDown 0.5300 
skin 719 Root 0.0101 Middle 0.4040 RightEyeLidDown 0.5859 
skin 720 Root 0.0101 Middle 0.4040 RightEyeLidDown 0.5859 
skin 721 Root 0.0100 Middle 0.4400 Nose 0.0200 RightEyeLidDown 0.5300 
skin 722 RightEyeBrow 1.0000 
skin 723 RightEyeBrow 1.0000 
skin 724 RightEyeBrow 1.0000 
skin 725 RightEyeBrow 1.0000 
skin 726 RightEyeBrow 1.0000 
skin 727 RightEyeBrow 1.0000 
skin 728 RightEyeBrow 1.0000 
skin 729 RightEyeBrow 1.0000 
skin 730 RightEyeBrow 1.0000 
skin 731 RightEyeBrow 1.0000 
skin 732 RightEyeBrow 1.0000 
skin 733 RightEyeBrow 1.0000 
skin 734 RightEyeBrow 1.0000 
skin 735 RightEyeBrow 1.0000 
skin 736 RightEyeBrow 1.0000 
skin 737 RightEyeBrow 1.0000 
skin 738 Mouth 0.5000 Nose 0.3100 Mouth_Left 0.0800 Mouth_Right 0.1100 
skin 739 Middle 0.0100 LeftEye 0.9900 
skin 740 LeftEye 1.0000 
skin 741 Middle 0.0100 LeftEye 0.9900 
skin 742 LeftEye 1.0000 
skin 743 LeftEye 0.9800 LeftEyeLidDown 0.0200 
skin 744 LeftEye 1.0000 
skin 745 LeftEye 1.0000 
skin 746 LeftEye 1.0000 
skin 747 LeftEye 1.0000 
skin 748 LeftEye 1.0000 
skin 749 LeftEye 1.0000 
skin 750 LeftEye 1.0000 
skin 751 LeftEye 1.0000 
skin 752 LeftEye 1.0000 
skin 753 LeftEye 1.0000 
skin 754 RightEye 1.0000 
skin 755 RightEye 1.0000 
skin 756 RightEye 1.0000 
skin 757 RightEye 1.0000 
skin 758 RightEye 1.0000 
skin 759 RightEye 1.0000 
skin 760 RightEye 1.0000 
skin 761 RightEye 1.0000 
skin 762 RightEye 1.0000 
skin 763 RightEye 1.0000 
skin 764 RightEye 1.0000 
skin 765 RightEye 1.0000 
skin 766 RightEye 1.0000 
skin 767 RightEye 1.0000 
skin 768 RightEye 1.0000 
hier Root Middle
hier Middle LeftEyeBrow
hier Middle LeftEye
hier Middle LeftEyeLidDown
hier Middle LeftEyeLidUp
hier Middle Mouth
hier Middle Nose
hier Middle RightEye
hier Middle RightEyeBrow
hier Middle RightEyeLidDown
hier Middle RightEyeLidUp
hier Middle Tail
hier Middle Up
hier Mouth Mouth_Down
hier Mouth Mouth_Left
hier Mouth Mouth_Right
hier Up Ear
hier Up Ear2
