joints Waist 0.00000000 0.49999500 -0.00002250
joints Shoulder -0.19072800 0.62723000 -0.00002250
joints Thigh 0.19072800 0.37276000 -0.00002250
joints Arm -0.31893100 0.72383300 -0.00002250
joints Leg 0.31893000 0.27615700 -0.00002250
joints ForeArm -0.19494200 0.84814100 -0.00002250
joints Foot 0.19506000 0.15145500 -0.00002250
joints Hand -0.03575290 0.90202700 -0.00002250
joints Toe 0.03553860 0.09794840 -0.00002250
joints EndToe -0.05705160 0.09667450 -0.00002250
root Waist
skin 0 Arm 0.5300 ForeArm 0.4500 Hand 0.0200 
skin 1 Arm 0.5400 ForeArm 0.4400 Hand 0.0200 
skin 2 Shoulder 0.0900 Arm 0.6200 ForeArm 0.2900 
skin 3 Arm 0.4000 ForeArm 0.4900 Hand 0.1100 
skin 4 Shoulder 0.0900 Arm 0.6300 ForeArm 0.2800 
skin 5 Arm 0.4100 ForeArm 0.4900 Hand 0.1000 
skin 6 Shoulder 0.1200 Arm 0.6700 ForeArm 0.2100 
skin 7 Arm 0.3000 ForeArm 0.4500 Hand 0.2500 
skin 8 Arm 0.5500 ForeArm 0.4300 Hand 0.0200 
skin 9 Shoulder 0.1200 Arm 0.6800 ForeArm 0.2000 
skin 10 Arm 0.3000 ForeArm 0.4500 Hand 0.2500 
skin 11 Arm 0.5600 ForeArm 0.4200 Hand 0.0200 
skin 12 Shoulder 0.0900 Arm 0.6400 ForeArm 0.2700 
skin 13 Shoulder 0.1600 Arm 0.6900 ForeArm 0.1500 
skin 14 Arm 0.2000 ForeArm 0.4000 Hand 0.4000 
skin 15 Arm 0.4100 ForeArm 0.4900 Hand 0.1000 
skin 16 Shoulder 0.0900 Arm 0.6600 ForeArm 0.2500 
skin 17 Shoulder 0.1600 Arm 0.7000 ForeArm 0.1400 
skin 18 Arm 0.1000 ForeArm 0.2500 Hand 0.6500 
skin 19 Arm 0.2000 ForeArm 0.4000 Hand 0.4000 
skin 20 Arm 0.4100 ForeArm 0.4900 Hand 0.1000 
skin 21 Shoulder 0.1200 Arm 0.6900 ForeArm 0.1900 
skin 22 Shoulder 0.2200 Arm 0.6800 ForeArm 0.1000 
skin 23 Arm 0.0200 ForeArm 0.1800 Hand 0.8000 
skin 24 Arm 0.1000 ForeArm 0.2500 Hand 0.6500 
skin 25 Arm 0.3000 ForeArm 0.4500 Hand 0.2500 
skin 26 Arm 0.5700 ForeArm 0.4100 Hand 0.0200 
skin 27 Shoulder 0.1600 Arm 0.7100 ForeArm 0.1300 
skin 28 Shoulder 0.2300 Arm 0.6900 ForeArm 0.0800 
skin 29 ForeArm 0.1000 Hand 0.9000 
skin 30 ForeArm 0.1000 Hand 0.9000 
skin 31 Arm 0.0200 ForeArm 0.1800 Hand 0.8000 
skin 32 Arm 0.2000 ForeArm 0.4000 Hand 0.4000 
skin 33 Shoulder 0.1200 Arm 0.7000 ForeArm 0.1800 
skin 34 Arm 0.4100 ForeArm 0.4900 Hand 0.1000 
skin 35 Shoulder 0.2900 Arm 0.6400 ForeArm 0.0700 
skin 36 ForeArm 0.0200 Hand 0.9800 
skin 37 Arm 0.1000 ForeArm 0.2500 Hand 0.6500 
skin 38 Arm 0.3000 ForeArm 0.4500 Hand 0.2500 
skin 39 Shoulder 0.0900 Arm 0.6800 ForeArm 0.2300 
skin 40 Shoulder 0.1700 Arm 0.7200 ForeArm 0.1100 
skin 41 Shoulder 0.2400 Arm 0.6900 ForeArm 0.0700 
skin 42 Shoulder 0.3100 Arm 0.6400 ForeArm 0.0500 
skin 43 ForeArm 0.0500 Hand 0.9500 
skin 44 Hand 1.0000 
skin 45 ForeArm 0.1000 Hand 0.9000 
skin 46 Arm 0.0200 ForeArm 0.1800 Hand 0.8000 
skin 47 Arm 0.3000 ForeArm 0.4500 Hand 0.2500 
skin 48 Arm 0.2000 ForeArm 0.4000 Hand 0.4000 
skin 49 Shoulder 0.1200 Arm 0.7200 ForeArm 0.1600 
skin 50 Shoulder 0.3300 Arm 0.6400 ForeArm 0.0300 
skin 51 Shoulder 0.4100 Arm 0.5700 ForeArm 0.0200 
skin 52 ForeArm 0.0200 Hand 0.9800 
skin 53 Hand 1.0000 
skin 54 Hand 1.0000 
skin 55 ForeArm 0.0200 Hand 0.9800 
skin 56 Hand 1.0000 
skin 57 ForeArm 0.1000 Hand 0.9000 
skin 58 Arm 0.0200 ForeArm 0.1800 Hand 0.8000 
skin 59 Arm 0.1000 ForeArm 0.2500 Hand 0.6500 
skin 60 Arm 0.2000 ForeArm 0.4000 Hand 0.4000 
skin 61 Shoulder 0.1600 Arm 0.7500 ForeArm 0.0900 
skin 62 Shoulder 0.2500 Arm 0.7000 ForeArm 0.0500 
skin 63 Shoulder 0.4200 Arm 0.5800 
skin 64 Hand 1.0000 
skin 65 Hand 1.0000 
skin 66 Hand 1.0000 
skin 67 ForeArm 0.1000 Hand 0.9000 
skin 68 Arm 0.0200 ForeArm 0.1800 Hand 0.8000 
skin 69 Arm 0.1000 ForeArm 0.2500 Hand 0.6500 
skin 70 Shoulder 0.2400 Arm 0.7200 ForeArm 0.0400 
skin 71 Shoulder 0.3500 Arm 0.6300 ForeArm 0.0200 
skin 72 Shoulder 0.4300 Arm 0.5600 ForeArm 0.0100 
skin 73 Shoulder 0.5400 Arm 0.4600 
skin 74 Shoulder 0.5300 Arm 0.4700 
skin 75 Hand 1.0000 
skin 76 Hand 1.0000 
skin 77 Hand 1.0000 
skin 78 Hand 1.0000 
skin 79 ForeArm 0.0200 Hand 0.9800 
skin 80 Shoulder 0.3600 Arm 0.6300 ForeArm 0.0100 
skin 81 Shoulder 0.5400 Arm 0.4600 
skin 82 Waist 0.0100 Shoulder 0.6500 Arm 0.3400 
skin 83 Hand 1.0000 
skin 84 Hand 1.0000 
skin 85 Hand 1.0000 
skin 86 Hand 1.0000 
skin 87 Hand 1.0000 
skin 88 Hand 1.0000 
skin 89 Hand 1.0000 
skin 90 Hand 1.0000 
skin 91 ForeArm 0.0500 Hand 0.9500 
skin 92 Shoulder 0.4400 Arm 0.5500 ForeArm 0.0100 
skin 93 Shoulder 0.6700 Arm 0.3300 
skin 94 Waist 0.0100 Shoulder 0.6400 Arm 0.3500 
skin 95 Hand 1.0000 
skin 96 Hand 1.0000 
skin 97 Hand 1.0000 
skin 98 Hand 1.0000 
skin 99 ForeArm 0.0200 Hand 0.9800 
skin 100 Shoulder 0.4500 Arm 0.5500 
skin 101 Waist 0.0500 Shoulder 0.7300 Arm 0.2200 
skin 102 Shoulder 0.5400 Arm 0.4600 
skin 103 Shoulder 0.6300 Arm 0.3700 
skin 104 Hand 1.0000 
skin 105 Hand 1.0000 
skin 106 Hand 1.0000 
skin 107 Hand 1.0000 
skin 108 Waist 0.0400 Shoulder 0.7600 Arm 0.2000 
skin 109 Waist 0.0200 Shoulder 0.7300 Arm 0.2500 
skin 110 Shoulder 0.6200 Arm 0.3800 
skin 111 Shoulder 0.5400 Arm 0.4600 
skin 112 Hand 1.0000 
skin 113 Hand 1.0000 
skin 114 Hand 1.0000 
skin 115 Hand 1.0000 
skin 116 Waist 0.1000 Shoulder 0.7700 Arm 0.1300 
skin 117 Waist 0.0200 Shoulder 0.7200 Arm 0.2600 
skin 118 Waist 0.0200 Shoulder 0.7100 Arm 0.2700 
skin 119 Hand 1.0000 
skin 120 Hand 1.0000 
skin 121 Waist 0.0900 Shoulder 0.8000 Arm 0.1100 
skin 122 Waist 0.0800 Shoulder 0.7700 Arm 0.1500 
skin 123 Waist 0.0500 Shoulder 0.7900 Arm 0.1600 
skin 124 Hand 1.0000 
skin 125 Hand 1.0000 
skin 126 Hand 1.0000 
skin 127 Waist 0.1700 Shoulder 0.7700 Arm 0.0600 
skin 128 Waist 0.0500 Shoulder 0.7800 Arm 0.1700 
skin 129 Hand 1.0000 
skin 130 Hand 1.0000 
skin 131 Hand 1.0000 
skin 132 Waist 0.1500 Shoulder 0.8000 Arm 0.0500 
skin 133 Waist 0.1400 Shoulder 0.7800 Arm 0.0800 
skin 134 Waist 0.1100 Shoulder 0.8100 Arm 0.0800 
skin 135 Hand 1.0000 
skin 136 Hand 1.0000 
skin 137 Hand 1.0000 
skin 138 Waist 0.2400 Shoulder 0.7300 Arm 0.0300 
skin 139 Waist 0.1100 Shoulder 0.8000 Arm 0.0900 
skin 140 Hand 1.0000 
skin 141 Hand 1.0000 
skin 142 Waist 0.2200 Shoulder 0.7600 Arm 0.0200 
skin 143 Waist 0.2300 Shoulder 0.7400 Arm 0.0300 
skin 144 Waist 0.2000 Shoulder 0.7700 Arm 0.0300 
skin 145 Waist 0.3300 Shoulder 0.6600 Arm 0.0100 
skin 146 Waist 0.2000 Shoulder 0.7600 Arm 0.0400 
skin 147 Waist 0.3400 Shoulder 0.6600 
skin 148 Waist 0.3300 Shoulder 0.6600 Arm 0.0100 
skin 149 Waist 0.3400 Shoulder 0.6600 
skin 150 Waist 0.6000 Shoulder 0.4000 
skin 151 Waist 0.3400 Shoulder 0.6600 
skin 152 Waist 0.6000 Shoulder 0.4000 
skin 153 Waist 0.6000 Shoulder 0.4000 
skin 154 Waist 0.7500 Shoulder 0.2500 
skin 155 Waist 0.7500 Shoulder 0.2500 
skin 156 Waist 0.6000 Shoulder 0.4000 
skin 157 Waist 0.9000 Shoulder 0.1000 
skin 158 Waist 0.6000 Shoulder 0.4000 
skin 159 Waist 0.7500 Shoulder 0.2500 
skin 160 Waist 0.9000 Shoulder 0.1000 
skin 161 Waist 0.7500 Shoulder 0.2500 
skin 162 Waist 0.7500 Shoulder 0.2500 
skin 163 Waist 1.0000 
skin 164 Waist 0.9000 Shoulder 0.1000 
skin 165 Waist 0.9000 Shoulder 0.1000 
skin 166 Waist 1.0000 
skin 167 Waist 1.0000 
skin 168 Waist 0.9000 Shoulder 0.1000 
skin 169 Waist 1.0000 
skin 170 Waist 0.9800 Shoulder 0.0200 
skin 171 Waist 1.0000 
skin 172 Waist 1.0000 
skin 173 Waist 1.0000 
skin 174 Waist 1.0000 
skin 175 Waist 1.0000 
skin 176 Waist 1.0000 
skin 177 Waist 1.0000 
skin 178 Waist 1.0000 
skin 179 Waist 1.0000 
skin 180 Waist 1.0000 
skin 181 Waist 1.0000 
skin 182 Waist 1.0000 
skin 183 Waist 1.0000 
skin 184 Waist 1.0000 
skin 185 Waist 1.0000 
skin 186 Waist 1.0000 
skin 187 Waist 1.0000 
skin 188 Waist 1.0000 
skin 189 Waist 1.0000 
skin 190 Waist 1.0000 
skin 191 Waist 1.0000 
skin 192 Waist 1.0000 
skin 193 Waist 1.0000 
skin 194 Waist 1.0000 
skin 195 Waist 1.0000 
skin 196 Waist 1.0000 
skin 197 Waist 1.0000 
skin 198 Waist 1.0000 
skin 199 Waist 1.0000 
skin 200 Waist 1.0000 
skin 201 Waist 1.0000 
skin 202 Waist 1.0000 
skin 203 Waist 1.0000 
skin 204 Waist 1.0000 
skin 205 Waist 1.0000 
skin 206 Waist 1.0000 
skin 207 Waist 1.0000 
skin 208 Waist 1.0000 
skin 209 Waist 1.0000 
skin 210 Waist 1.0000 
skin 211 Waist 1.0000 
skin 212 Waist 1.0000 
skin 213 Waist 1.0000 
skin 214 Waist 1.0000 
skin 215 Waist 1.0000 
skin 216 Waist 1.0000 
skin 217 Waist 1.0000 
skin 218 Waist 1.0000 
skin 219 Waist 1.0000 
skin 220 Waist 1.0000 
skin 221 Waist 1.0000 
skin 222 Waist 1.0000 
skin 223 Waist 1.0000 
skin 224 Waist 1.0000 
skin 225 Waist 1.0000 
skin 226 Waist 1.0000 
skin 227 Waist 1.0000 
skin 228 Waist 1.0000 
skin 229 Waist 1.0000 
skin 230 Waist 1.0000 
skin 231 Waist 1.0000 
skin 232 Waist 1.0000 
skin 233 Waist 1.0000 
skin 234 Waist 1.0000 
skin 235 Waist 1.0000 
skin 236 Waist 1.0000 
skin 237 Waist 1.0000 
skin 238 Waist 1.0000 
skin 239 Waist 1.0000 
skin 240 Waist 1.0000 
skin 241 Waist 1.0000 
skin 242 Waist 1.0000 
skin 243 Waist 1.0000 
skin 244 Waist 1.0000 
skin 245 Waist 1.0000 
skin 246 Waist 1.0000 
skin 247 Waist 1.0000 
skin 248 Waist 1.0000 
skin 249 Waist 1.0000 
skin 250 Waist 1.0000 
skin 251 Waist 1.0000 
skin 252 Waist 1.0000 
skin 253 Waist 1.0000 
skin 254 Waist 1.0000 
skin 255 Waist 1.0000 
skin 256 Waist 1.0000 
skin 257 Waist 1.0000 
skin 258 Waist 1.0000 
skin 259 Waist 1.0000 
skin 260 Waist 1.0000 
skin 261 Waist 1.0000 
skin 262 Waist 1.0000 
skin 263 Waist 1.0000 
skin 264 Waist 1.0000 
skin 265 Waist 1.0000 
skin 266 Waist 1.0000 
skin 267 Waist 1.0000 
skin 268 Waist 1.0000 
skin 269 Waist 1.0000 
skin 270 Waist 1.0000 
skin 271 Waist 1.0000 
skin 272 Waist 1.0000 
skin 273 Waist 1.0000 
skin 274 Waist 1.0000 
skin 275 Waist 1.0000 
skin 276 Waist 1.0000 
skin 277 Waist 1.0000 
skin 278 Waist 1.0000 
skin 279 Waist 1.0000 
skin 280 Waist 1.0000 
skin 281 Waist 1.0000 
skin 282 Waist 1.0000 
skin 283 Waist 1.0000 
skin 284 Waist 1.0000 
skin 285 Waist 1.0000 
skin 286 Waist 1.0000 
skin 287 Waist 1.0000 
skin 288 Waist 1.0000 
skin 289 Waist 1.0000 
skin 290 Waist 1.0000 
skin 291 Waist 1.0000 
skin 292 Waist 1.0000 
skin 293 Waist 1.0000 
skin 294 Waist 1.0000 
skin 295 Waist 1.0000 
skin 296 Waist 1.0000 
skin 297 Waist 1.0000 
skin 298 Waist 1.0000 
skin 299 Waist 1.0000 
skin 300 Waist 1.0000 
skin 301 Waist 1.0000 
skin 302 Waist 1.0000 
skin 303 Waist 1.0000 
skin 304 Waist 1.0000 
skin 305 Waist 1.0000 
skin 306 Waist 1.0000 
skin 307 Waist 1.0000 
skin 308 Waist 1.0000 
skin 309 Waist 1.0000 
skin 310 Waist 1.0000 
skin 311 Waist 1.0000 
skin 312 Waist 1.0000 
skin 313 Waist 1.0000 
skin 314 Waist 1.0000 
skin 315 Waist 1.0000 
skin 316 Waist 0.9000 Thigh 0.1000 
skin 317 Waist 1.0000 
skin 318 Waist 1.0000 
skin 319 Waist 1.0000 
skin 320 Waist 0.9000 Thigh 0.1000 
skin 321 Waist 1.0000 
skin 322 Waist 1.0000 
skin 323 Waist 1.0000 
skin 324 Waist 0.9000 Thigh 0.1000 
skin 325 Waist 1.0000 
skin 326 Waist 1.0000 
skin 327 Waist 1.0000 
skin 328 Waist 1.0000 
skin 329 Waist 0.9000 Thigh 0.1000 
skin 330 Waist 1.0000 
skin 331 Waist 1.0000 
skin 332 Waist 0.7500 Thigh 0.2500 
skin 333 Waist 1.0000 
skin 334 Waist 1.0000 
skin 335 Waist 0.9000 Thigh 0.1000 
skin 336 Waist 0.7500 Thigh 0.2500 
skin 337 Waist 1.0000 
skin 338 Waist 1.0000 
skin 339 Waist 1.0000 
skin 340 Waist 1.0000 
skin 341 Waist 0.7500 Thigh 0.2500 
skin 342 Waist 1.0000 
skin 343 Waist 1.0000 
skin 344 Waist 0.9800 Thigh 0.0200 
skin 345 Waist 0.7500 Thigh 0.2500 
skin 346 Waist 1.0000 
skin 347 Waist 1.0000 
skin 348 Waist 1.0000 
skin 349 Waist 0.6000 Thigh 0.4000 
skin 350 Waist 1.0000 
skin 351 Waist 1.0000 
skin 352 Waist 0.6000 Thigh 0.4000 
skin 353 Waist 1.0000 
skin 354 Waist 1.0000 
skin 355 Waist 0.7500 Thigh 0.2500 
skin 356 Waist 0.6000 Thigh 0.4000 
skin 357 Waist 0.6000 Thigh 0.4000 
skin 358 Waist 0.3200 Thigh 0.6800 
skin 359 Waist 1.0000 
skin 360 Waist 0.3200 Thigh 0.6800 
skin 361 Waist 0.3200 Thigh 0.6800 
skin 362 Waist 1.0000 
skin 363 Waist 0.6000 Thigh 0.4000 
skin 364 Waist 0.1900 Thigh 0.7900 Leg 0.0200 
skin 365 Waist 0.3200 Thigh 0.6800 
skin 366 Waist 0.3200 Thigh 0.6800 
skin 367 Waist 0.2100 Thigh 0.7800 Leg 0.0100 
skin 368 Waist 0.1900 Thigh 0.7900 Leg 0.0200 
skin 369 Waist 0.2200 Thigh 0.7600 Leg 0.0200 
skin 370 Waist 0.1500 Thigh 0.8100 Leg 0.0400 
skin 371 Waist 0.2300 Thigh 0.7500 Leg 0.0200 
skin 372 Waist 0.1100 Thigh 0.8200 Leg 0.0700 
skin 373 Waist 0.1700 Thigh 0.7900 Leg 0.0400 
skin 374 Waist 0.1100 Thigh 0.8200 Leg 0.0700 
skin 375 Waist 0.1400 Thigh 0.8000 Leg 0.0600 
skin 376 Waist 0.0900 Thigh 0.8400 Leg 0.0700 
skin 377 Waist 0.0500 Thigh 0.8000 Leg 0.1500 
skin 378 Waist 0.1000 Thigh 0.8100 Leg 0.0900 
skin 379 Waist 0.0500 Thigh 0.7900 Leg 0.1600 
skin 380 Waist 0.0800 Thigh 0.8000 Leg 0.1200 
skin 381 Waist 0.0400 Thigh 0.8100 Leg 0.1500 
skin 382 Waist 0.0200 Thigh 0.7200 Leg 0.2600 
skin 383 Waist 0.0500 Thigh 0.7800 Leg 0.1700 
skin 384 Waist 0.0200 Thigh 0.7100 Leg 0.2700 
skin 385 Waist 0.0200 Thigh 0.7700 Leg 0.2100 
skin 386 Thigh 0.7000 Leg 0.3000 
skin 387 Thigh 0.6300 Leg 0.3700 
skin 388 Waist 0.0100 Thigh 0.6800 Leg 0.3100 
skin 389 Thigh 0.6200 Leg 0.3800 
skin 390 Waist 0.0100 Thigh 0.6500 Leg 0.3400 
skin 391 Thigh 0.5400 Leg 0.4600 
skin 392 Thigh 0.5300 Leg 0.4700 
skin 393 Thigh 0.5400 Leg 0.4600 
skin 394 Thigh 0.5300 Leg 0.4700 
skin 395 Thigh 0.5400 Leg 0.4600 
skin 396 Thigh 0.4200 Leg 0.5800 
skin 397 Thigh 0.4600 Leg 0.5400 
skin 398 Thigh 0.4300 Leg 0.5700 
skin 399 Thigh 0.4100 Leg 0.5700 Foot 0.0200 
skin 400 Thigh 0.4500 Leg 0.5500 
skin 401 Thigh 0.2800 Leg 0.6400 Foot 0.0800 
skin 402 Thigh 0.3100 Leg 0.6400 Foot 0.0500 
skin 403 Thigh 0.3400 Leg 0.6400 Foot 0.0200 
skin 404 Thigh 0.3600 Leg 0.6300 Foot 0.0100 
skin 405 Thigh 0.3700 Leg 0.6200 Foot 0.0100 
skin 406 Thigh 0.2300 Leg 0.6900 Foot 0.0800 
skin 407 Thigh 0.2500 Leg 0.6900 Foot 0.0600 
skin 408 Thigh 0.2500 Leg 0.7100 Foot 0.0400 
skin 409 Thigh 0.2600 Leg 0.7000 Foot 0.0400 
skin 410 Thigh 0.2000 Leg 0.6800 Foot 0.1200 
skin 411 Thigh 0.1700 Leg 0.7100 Foot 0.1200 
skin 412 Thigh 0.1700 Leg 0.7400 Foot 0.0900 
skin 413 Thigh 0.1700 Leg 0.7300 Foot 0.1000 
skin 414 Thigh 0.1400 Leg 0.6900 Foot 0.1700 
skin 415 Thigh 0.1600 Leg 0.7000 Foot 0.1400 
skin 416 Thigh 0.1000 Leg 0.7100 Foot 0.1900 
skin 417 Thigh 0.1100 Leg 0.7200 Foot 0.1700 
skin 418 Thigh 0.1000 Leg 0.6800 Foot 0.2200 
skin 419 Thigh 0.1000 Leg 0.7000 Foot 0.2000 
skin 420 Thigh 0.0500 Leg 0.6700 Foot 0.2800 
skin 421 Thigh 0.1000 Leg 0.6700 Foot 0.2300 
skin 422 Thigh 0.0500 Leg 0.6400 Foot 0.3100 
skin 423 Thigh 0.0500 Leg 0.6600 Foot 0.2900 
skin 424 Thigh 0.0500 Leg 0.6300 Foot 0.3200 
skin 425 Thigh 0.0500 Leg 0.6300 Foot 0.3200 
skin 426 Leg 0.5700 Foot 0.4100 Toe 0.0200 
skin 427 Leg 0.5700 Foot 0.4100 Toe 0.0200 
skin 428 Leg 0.5200 Foot 0.4600 Toe 0.0200 
skin 429 Leg 0.5500 Foot 0.4300 Toe 0.0200 
skin 430 Leg 0.4200 Foot 0.4700 Toe 0.1100 
skin 431 Leg 0.5000 Foot 0.4800 Toe 0.0200 
skin 432 Leg 0.4100 Foot 0.4900 Toe 0.1000 
skin 433 Leg 0.4100 Foot 0.4800 Toe 0.1100 
skin 434 Leg 0.4200 Foot 0.4700 Toe 0.1100 
skin 435 Leg 0.4000 Foot 0.5000 Toe 0.1000 
skin 436 Leg 0.3000 Foot 0.4500 Toe 0.2500 
skin 437 Leg 0.3000 Foot 0.4500 Toe 0.2500 
skin 438 Leg 0.3000 Foot 0.4500 Toe 0.2500 
skin 439 Leg 0.3000 Foot 0.4500 Toe 0.2500 
skin 440 Leg 0.3000 Foot 0.4500 Toe 0.2500 
skin 441 Leg 0.2000 Foot 0.4000 Toe 0.4000 
skin 442 Leg 0.2000 Foot 0.4000 Toe 0.4000 
skin 443 Leg 0.2000 Foot 0.3900 Toe 0.4100 
skin 444 Leg 0.2000 Foot 0.4000 Toe 0.4000 
skin 445 Leg 0.1000 Foot 0.2500 Toe 0.6500 
skin 446 Leg 0.2000 Foot 0.3900 Toe 0.4100 
skin 447 Leg 0.1000 Foot 0.2500 Toe 0.6500 
skin 448 Leg 0.0200 Foot 0.1800 Toe 0.8000 
skin 449 Leg 0.1000 Foot 0.2500 Toe 0.6500 
skin 450 Leg 0.1000 Foot 0.2500 Toe 0.6500 
skin 451 Leg 0.1000 Foot 0.2500 Toe 0.6500 
skin 452 Foot 0.1000 Toe 0.9000 
skin 453 Foot 0.1000 Toe 0.9000 
skin 454 Leg 0.0200 Foot 0.1800 Toe 0.8000 
skin 455 Leg 0.0200 Foot 0.1800 Toe 0.8000 
skin 456 Leg 0.0200 Foot 0.1800 Toe 0.8000 
skin 457 Foot 0.0200 Toe 0.9800 
skin 458 Leg 0.0200 Foot 0.1800 Toe 0.8000 
skin 459 Foot 0.1000 Toe 0.9000 
skin 460 Foot 0.0500 Toe 0.9500 
skin 461 Toe 1.0000 
skin 462 Foot 0.1000 Toe 0.9000 
skin 463 Foot 0.1000 Toe 0.9000 
skin 464 Toe 1.0000 
skin 465 Toe 1.0000 
skin 466 Toe 1.0000 
skin 467 Toe 1.0000 
skin 468 Toe 1.0000 
skin 469 Foot 0.0200 Toe 0.9800 
skin 470 Toe 1.0000 
skin 471 Toe 1.0000 
skin 472 Toe 1.0000 
skin 473 Toe 1.0000 
skin 474 Foot 0.0200 Toe 0.9800 
skin 475 Foot 0.0500 Toe 0.9500 
skin 476 Toe 1.0000 
skin 477 Toe 1.0000 
skin 478 Toe 1.0000 
skin 479 Toe 1.0000 
skin 480 Toe 1.0000 
skin 481 Toe 1.0000 
skin 482 Toe 1.0000 
skin 483 Toe 1.0000 
skin 484 Toe 1.0000 
skin 485 Toe 1.0000 
skin 486 Toe 1.0000 
skin 487 Toe 1.0000 
skin 488 Toe 1.0000 
skin 489 Toe 1.0000 
skin 490 Foot 0.0200 Toe 0.9800 
skin 491 Toe 1.0000 
skin 492 Toe 1.0000 
skin 493 Toe 1.0000 
skin 494 Toe 1.0000 
skin 495 Toe 1.0000 
skin 496 Toe 1.0000 
skin 497 Toe 1.0000 
skin 498 Toe 1.0000 
skin 499 Toe 1.0000 
skin 500 Toe 1.0000 
skin 501 Toe 1.0000 
skin 502 Toe 1.0000 
skin 503 Toe 1.0000 
skin 504 Toe 1.0000 
skin 505 Toe 1.0000 
skin 506 Toe 1.0000 
skin 507 Toe 1.0000 
skin 508 Toe 1.0000 
skin 509 Toe 1.0000 
skin 510 Toe 1.0000 
skin 511 Toe 1.0000 
skin 512 Arm 0.5400 ForeArm 0.4400 Hand 0.0200 
skin 513 Shoulder 0.0900 Arm 0.6300 ForeArm 0.2800 
skin 514 Arm 0.4100 ForeArm 0.4900 Hand 0.1000 
skin 515 Arm 0.5500 ForeArm 0.4300 Hand 0.0200 
skin 516 Shoulder 0.1200 Arm 0.6800 ForeArm 0.2000 
skin 517 Arm 0.3000 ForeArm 0.4500 Hand 0.2500 
skin 518 Shoulder 0.0900 Arm 0.6400 ForeArm 0.2700 
skin 519 Arm 0.4100 ForeArm 0.4900 Hand 0.1000 
skin 520 Shoulder 0.0900 Arm 0.6600 ForeArm 0.2500 
skin 521 Arm 0.5600 ForeArm 0.4200 Hand 0.0200 
skin 522 Shoulder 0.1600 Arm 0.7000 ForeArm 0.1400 
skin 523 Arm 0.2000 ForeArm 0.4000 Hand 0.4000 
skin 524 Shoulder 0.1200 Arm 0.6900 ForeArm 0.1900 
skin 525 Arm 0.4100 ForeArm 0.4900 Hand 0.1000 
skin 526 Arm 0.1000 ForeArm 0.2500 Hand 0.6500 
skin 527 Arm 0.3000 ForeArm 0.4500 Hand 0.2500 
skin 528 Shoulder 0.1200 Arm 0.7000 ForeArm 0.1800 
skin 529 Shoulder 0.2300 Arm 0.6900 ForeArm 0.0800 
skin 530 Arm 0.0200 ForeArm 0.1800 Hand 0.8000 
skin 531 ForeArm 0.1000 Hand 0.9000 
skin 532 Arm 0.3000 ForeArm 0.4500 Hand 0.2500 
skin 533 Arm 0.2000 ForeArm 0.4000 Hand 0.4000 
skin 534 Shoulder 0.1600 Arm 0.7100 ForeArm 0.1300 
skin 535 Arm 0.0200 ForeArm 0.1800 Hand 0.8000 
skin 536 Arm 0.1000 ForeArm 0.2500 Hand 0.6500 
skin 537 Shoulder 0.1700 Arm 0.7200 ForeArm 0.1100 
skin 538 Shoulder 0.3100 Arm 0.6400 ForeArm 0.0500 
skin 539 ForeArm 0.0200 Hand 0.9800 
skin 540 Arm 0.2000 ForeArm 0.4000 Hand 0.4000 
skin 541 Arm 0.0200 ForeArm 0.1800 Hand 0.8000 
skin 542 ForeArm 0.1000 Hand 0.9000 
skin 543 Shoulder 0.2400 Arm 0.6900 ForeArm 0.0700 
skin 544 ForeArm 0.1000 Hand 0.9000 
skin 545 Hand 1.0000 
skin 546 Arm 0.1000 ForeArm 0.2500 Hand 0.6500 
skin 547 Shoulder 0.2500 Arm 0.7000 ForeArm 0.0500 
skin 548 Shoulder 0.4200 Arm 0.5800 
skin 549 Hand 1.0000 
skin 550 ForeArm 0.0200 Hand 0.9800 
skin 551 Hand 1.0000 
skin 552 Shoulder 0.3300 Arm 0.6400 ForeArm 0.0300 
skin 553 Hand 1.0000 
skin 554 Hand 1.0000 
skin 555 ForeArm 0.0200 Hand 0.9800 
skin 556 Shoulder 0.3500 Arm 0.6300 ForeArm 0.0200 
skin 557 Shoulder 0.5400 Arm 0.4600 
skin 558 Hand 1.0000 
skin 559 Hand 1.0000 
skin 560 Shoulder 0.4300 Arm 0.5600 ForeArm 0.0100 
skin 561 Waist 0.0100 Shoulder 0.6500 Arm 0.3400 
skin 562 Hand 1.0000 
skin 563 Hand 1.0000 
skin 564 Hand 1.0000 
skin 565 Hand 1.0000 
skin 566 Hand 1.0000 
skin 567 Shoulder 0.4400 Arm 0.5500 ForeArm 0.0100 
skin 568 Shoulder 0.5400 Arm 0.4600 
skin 569 Hand 1.0000 
skin 570 Hand 1.0000 
skin 571 Hand 1.0000 
skin 572 Hand 1.0000 
skin 573 Waist 0.0500 Shoulder 0.7300 Arm 0.2200 
skin 574 Waist 0.0100 Shoulder 0.6400 Arm 0.3500 
skin 575 Hand 1.0000 
skin 576 Hand 1.0000 
skin 577 Shoulder 0.5400 Arm 0.4600 
skin 578 Waist 0.1000 Shoulder 0.7700 Arm 0.1300 
skin 579 Waist 0.0200 Shoulder 0.7300 Arm 0.2500 
skin 580 Hand 1.0000 
skin 581 Hand 1.0000 
skin 582 Hand 1.0000 
skin 583 Shoulder 0.6300 Arm 0.3700 
skin 584 Waist 0.0800 Shoulder 0.7700 Arm 0.1500 
skin 585 Hand 1.0000 
skin 586 Hand 1.0000 
skin 587 Waist 0.0200 Shoulder 0.7200 Arm 0.2600 
skin 588 Waist 0.1700 Shoulder 0.7700 Arm 0.0600 
skin 589 Waist 0.0500 Shoulder 0.7800 Arm 0.1700 
skin 590 Hand 1.0000 
skin 591 Waist 0.2400 Shoulder 0.7300 Arm 0.0300 
skin 592 Waist 0.1400 Shoulder 0.7800 Arm 0.0800 
skin 593 Waist 0.1100 Shoulder 0.8000 Arm 0.0900 
skin 594 Hand 1.0000 
skin 595 Hand 1.0000 
skin 596 Waist 0.2300 Shoulder 0.7400 Arm 0.0300 
skin 597 Waist 0.2000 Shoulder 0.7600 Arm 0.0400 
skin 598 Hand 1.0000 
skin 599 Waist 0.3300 Shoulder 0.6600 Arm 0.0100 
skin 600 Waist 0.3300 Shoulder 0.6600 Arm 0.0100 
skin 601 Waist 0.3400 Shoulder 0.6600 
skin 602 Waist 0.6000 Shoulder 0.4000 
skin 603 Waist 0.6000 Shoulder 0.4000 
skin 604 Waist 0.7500 Shoulder 0.2500 
skin 605 Waist 0.6000 Shoulder 0.4000 
skin 606 Waist 0.7500 Shoulder 0.2500 
skin 607 Waist 0.7500 Shoulder 0.2500 
skin 608 Waist 0.9000 Shoulder 0.1000 
skin 609 Waist 0.9000 Shoulder 0.1000 
skin 610 Waist 0.9000 Shoulder 0.1000 
skin 611 Waist 1.0000 
skin 612 Waist 1.0000 
skin 613 Waist 1.0000 
skin 614 Waist 0.9800 Shoulder 0.0200 
skin 615 Waist 1.0000 
skin 616 Waist 1.0000 
skin 617 Waist 1.0000 
skin 618 Waist 1.0000 
skin 619 Waist 1.0000 
skin 620 Waist 1.0000 
skin 621 Waist 1.0000 
skin 622 Waist 1.0000 
skin 623 Waist 1.0000 
skin 624 Waist 1.0000 
skin 625 Waist 1.0000 
skin 626 Waist 1.0000 
skin 627 Waist 1.0000 
skin 628 Waist 1.0000 
skin 629 Waist 1.0000 
skin 630 Waist 1.0000 
skin 631 Waist 1.0000 
skin 632 Waist 1.0000 
skin 633 Waist 1.0000 
skin 634 Waist 1.0000 
skin 635 Waist 1.0000 
skin 636 Waist 1.0000 
skin 637 Waist 1.0000 
skin 638 Waist 1.0000 
skin 639 Waist 1.0000 
skin 640 Waist 1.0000 
skin 641 Waist 1.0000 
skin 642 Waist 1.0000 
skin 643 Waist 1.0000 
skin 644 Waist 1.0000 
skin 645 Waist 1.0000 
skin 646 Waist 1.0000 
skin 647 Waist 1.0000 
skin 648 Waist 1.0000 
skin 649 Waist 1.0000 
skin 650 Waist 1.0000 
skin 651 Waist 1.0000 
skin 652 Waist 1.0000 
skin 653 Waist 1.0000 
skin 654 Waist 1.0000 
skin 655 Waist 1.0000 
skin 656 Waist 1.0000 
skin 657 Waist 1.0000 
skin 658 Waist 1.0000 
skin 659 Waist 1.0000 
skin 660 Waist 1.0000 
skin 661 Waist 1.0000 
skin 662 Waist 1.0000 
skin 663 Waist 1.0000 
skin 664 Waist 1.0000 
skin 665 Waist 1.0000 
skin 666 Waist 1.0000 
skin 667 Waist 1.0000 
skin 668 Waist 1.0000 
skin 669 Waist 1.0000 
skin 670 Waist 1.0000 
skin 671 Waist 1.0000 
skin 672 Waist 1.0000 
skin 673 Waist 1.0000 
skin 674 Waist 1.0000 
skin 675 Waist 1.0000 
skin 676 Waist 1.0000 
skin 677 Waist 1.0000 
skin 678 Waist 1.0000 
skin 679 Waist 1.0000 
skin 680 Waist 1.0000 
skin 681 Waist 1.0000 
skin 682 Waist 1.0000 
skin 683 Waist 1.0000 
skin 684 Waist 1.0000 
skin 685 Waist 1.0000 
skin 686 Waist 1.0000 
skin 687 Waist 1.0000 
skin 688 Waist 1.0000 
skin 689 Waist 1.0000 
skin 690 Waist 1.0000 
skin 691 Waist 1.0000 
skin 692 Waist 1.0000 
skin 693 Waist 1.0000 
skin 694 Waist 1.0000 
skin 695 Waist 1.0000 
skin 696 Waist 1.0000 
skin 697 Waist 1.0000 
skin 698 Waist 1.0000 
skin 699 Waist 1.0000 
skin 700 Waist 1.0000 
skin 701 Waist 1.0000 
skin 702 Waist 1.0000 
skin 703 Waist 1.0000 
skin 704 Waist 1.0000 
skin 705 Waist 1.0000 
skin 706 Waist 1.0000 
skin 707 Waist 1.0000 
skin 708 Waist 1.0000 
skin 709 Waist 1.0000 
skin 710 Waist 1.0000 
skin 711 Waist 1.0000 
skin 712 Waist 1.0000 
skin 713 Waist 1.0000 
skin 714 Waist 1.0000 
skin 715 Waist 1.0000 
skin 716 Waist 1.0000 
skin 717 Waist 1.0000 
skin 718 Waist 1.0000 
skin 719 Waist 1.0000 
skin 720 Waist 1.0000 
skin 721 Waist 1.0000 
skin 722 Waist 1.0000 
skin 723 Waist 1.0000 
skin 724 Waist 1.0000 
skin 725 Waist 1.0000 
skin 726 Waist 1.0000 
skin 727 Waist 1.0000 
skin 728 Waist 1.0000 
skin 729 Waist 1.0000 
skin 730 Waist 1.0000 
skin 731 Waist 1.0000 
skin 732 Waist 1.0000 
skin 733 Waist 1.0000 
skin 734 Waist 1.0000 
skin 735 Waist 1.0000 
skin 736 Waist 1.0000 
skin 737 Waist 1.0000 
skin 738 Waist 1.0000 
skin 739 Waist 1.0000 
skin 740 Waist 1.0000 
skin 741 Waist 1.0000 
skin 742 Waist 1.0000 
skin 743 Waist 1.0000 
skin 744 Waist 1.0000 
skin 745 Waist 1.0000 
skin 746 Waist 1.0000 
skin 747 Waist 1.0000 
skin 748 Waist 0.9000 Thigh 0.1000 
skin 749 Waist 0.9800 Thigh 0.0200 
skin 750 Waist 1.0000 
skin 751 Waist 0.9000 Thigh 0.1000 
skin 752 Waist 0.9000 Thigh 0.1000 
skin 753 Waist 0.7500 Thigh 0.2500 
skin 754 Waist 0.7500 Thigh 0.2500 
skin 755 Waist 0.7500 Thigh 0.2500 
skin 756 Waist 0.3200 Thigh 0.6800 
skin 757 Waist 0.6000 Thigh 0.4000 
skin 758 Waist 0.6000 Thigh 0.4000 
skin 759 Waist 0.1900 Thigh 0.7900 Leg 0.0200 
skin 760 Waist 0.6000 Thigh 0.4000 
skin 761 Waist 0.3200 Thigh 0.6800 
skin 762 Waist 0.3200 Thigh 0.6800 
skin 763 Waist 0.2200 Thigh 0.7600 Leg 0.0200 
skin 764 Waist 0.1100 Thigh 0.8200 Leg 0.0700 
skin 765 Waist 0.2300 Thigh 0.7500 Leg 0.0200 
skin 766 Waist 0.0500 Thigh 0.8000 Leg 0.1500 
skin 767 Waist 0.1400 Thigh 0.8000 Leg 0.0600 
skin 768 Waist 0.0800 Thigh 0.8000 Leg 0.1200 
skin 769 Waist 0.1700 Thigh 0.7900 Leg 0.0400 
skin 770 Waist 0.0200 Thigh 0.7200 Leg 0.2600 
skin 771 Waist 0.0200 Thigh 0.7700 Leg 0.2100 
skin 772 Waist 0.1000 Thigh 0.8100 Leg 0.0900 
skin 773 Thigh 0.6300 Leg 0.3700 
skin 774 Waist 0.0100 Thigh 0.6800 Leg 0.3100 
skin 775 Waist 0.0500 Thigh 0.7800 Leg 0.1700 
skin 776 Waist 0.0100 Thigh 0.6500 Leg 0.3400 
skin 777 Thigh 0.5300 Leg 0.4700 
skin 778 Thigh 0.5400 Leg 0.4600 
skin 779 Thigh 0.5400 Leg 0.4600 
skin 780 Thigh 0.4200 Leg 0.5800 
skin 781 Thigh 0.4300 Leg 0.5700 
skin 782 Thigh 0.4500 Leg 0.5500 
skin 783 Thigh 0.3600 Leg 0.6300 Foot 0.0100 
skin 784 Thigh 0.3100 Leg 0.6400 Foot 0.0500 
skin 785 Thigh 0.2500 Leg 0.7100 Foot 0.0400 
skin 786 Thigh 0.3400 Leg 0.6400 Foot 0.0200 
skin 787 Thigh 0.1700 Leg 0.7400 Foot 0.0900 
skin 788 Thigh 0.2500 Leg 0.6900 Foot 0.0600 
skin 789 Thigh 0.2300 Leg 0.6900 Foot 0.0800 
skin 790 Thigh 0.1000 Leg 0.7100 Foot 0.1900 
skin 791 Thigh 0.1700 Leg 0.7100 Foot 0.1200 
skin 792 Thigh 0.0500 Leg 0.6600 Foot 0.2900 
skin 793 Thigh 0.1600 Leg 0.7000 Foot 0.1400 
skin 794 Leg 0.5700 Foot 0.4100 Toe 0.0200 
skin 795 Thigh 0.1000 Leg 0.7000 Foot 0.2000 
skin 796 Leg 0.4200 Foot 0.4700 Toe 0.1100 
skin 797 Thigh 0.0500 Leg 0.6400 Foot 0.3100 
skin 798 Thigh 0.1000 Leg 0.6800 Foot 0.2200 
skin 799 Leg 0.3000 Foot 0.4500 Toe 0.2500 
skin 800 Leg 0.5500 Foot 0.4300 Toe 0.0200 
skin 801 Leg 0.4200 Foot 0.4700 Toe 0.1100 
skin 802 Thigh 0.0500 Leg 0.6300 Foot 0.3200 
skin 803 Leg 0.2000 Foot 0.4000 Toe 0.4000 
skin 804 Leg 0.3000 Foot 0.4500 Toe 0.2500 
skin 805 Leg 0.5200 Foot 0.4600 Toe 0.0200 
skin 806 Leg 0.1000 Foot 0.2500 Toe 0.6500 
skin 807 Leg 0.4100 Foot 0.4900 Toe 0.1000 
skin 808 Leg 0.2000 Foot 0.3900 Toe 0.4100 
skin 809 Leg 0.3000 Foot 0.4500 Toe 0.2500 
skin 810 Leg 0.1000 Foot 0.2500 Toe 0.6500 
skin 811 Leg 0.0200 Foot 0.1800 Toe 0.8000 
skin 812 Leg 0.2000 Foot 0.3900 Toe 0.4100 
skin 813 Foot 0.1000 Toe 0.9000 
skin 814 Leg 0.0200 Foot 0.1800 Toe 0.8000 
skin 815 Leg 0.1000 Foot 0.2500 Toe 0.6500 
skin 816 Foot 0.0200 Toe 0.9800 
skin 817 Leg 0.0200 Foot 0.1800 Toe 0.8000 
skin 818 Toe 1.0000 
skin 819 Foot 0.1000 Toe 0.9000 
skin 820 Foot 0.1000 Toe 0.9000 
skin 821 Toe 1.0000 
skin 822 Toe 1.0000 
skin 823 Toe 1.0000 
skin 824 Toe 1.0000 
skin 825 Toe 1.0000 
skin 826 Toe 1.0000 
skin 827 Foot 0.0200 Toe 0.9800 
skin 828 Foot 0.0200 Toe 0.9800 
skin 829 Toe 1.0000 
skin 830 Toe 1.0000 
skin 831 Toe 1.0000 
skin 832 Toe 1.0000 
skin 833 Toe 1.0000 
skin 834 Toe 1.0000 
skin 835 Toe 1.0000 
skin 836 Toe 1.0000 
skin 837 Toe 1.0000 
skin 838 Toe 1.0000 
skin 839 Toe 1.0000 
skin 840 Toe 1.0000 
skin 841 Toe 1.0000 
skin 842 Toe 1.0000 
skin 843 Toe 1.0000 
skin 844 Toe 1.0000 
skin 845 Toe 1.0000 
skin 846 Toe 1.0000 
skin 847 Toe 1.0000 
skin 848 Toe 1.0000 
skin 849 Waist 1.0000 
skin 850 Waist 1.0000 
skin 851 Waist 1.0000 
skin 852 Waist 1.0000 
skin 853 Waist 1.0000 
skin 854 Waist 1.0000 
skin 855 Waist 1.0000 
skin 856 Waist 1.0000 
skin 857 Waist 1.0000 
skin 858 Waist 1.0000 
skin 859 Waist 1.0000 
skin 860 Waist 1.0000 
skin 861 Waist 1.0000 
skin 862 Waist 1.0000 
skin 863 Waist 1.0000 
skin 864 Waist 1.0000 
skin 865 Waist 1.0000 
skin 866 Waist 1.0000 
skin 867 Waist 1.0000 
skin 868 Waist 1.0000 
skin 869 Waist 1.0000 
skin 870 Waist 1.0000 
skin 871 Waist 1.0000 
skin 872 Waist 1.0000 
skin 873 Waist 1.0000 
skin 874 Waist 1.0000 
skin 875 Waist 1.0000 
skin 876 Waist 1.0000 
skin 877 Waist 1.0000 
skin 878 Waist 1.0000 
skin 879 Waist 1.0000 
skin 880 Waist 1.0000 
skin 881 Waist 1.0000 
skin 882 Waist 1.0000 
skin 883 Waist 1.0000 
skin 884 Waist 1.0000 
skin 885 Waist 1.0000 
skin 886 Waist 1.0000 
skin 887 Waist 1.0000 
skin 888 Waist 1.0000 
skin 889 Waist 1.0000 
skin 890 Waist 1.0000 
skin 891 Waist 1.0000 
skin 892 Waist 1.0000 
skin 893 Waist 1.0000 
skin 894 Waist 1.0000 
skin 895 Waist 1.0000 
skin 896 Waist 1.0000 
skin 897 Waist 1.0000 
skin 898 Waist 1.0000 
skin 899 Waist 1.0000 
skin 900 Waist 1.0000 
skin 901 Waist 1.0000 
skin 902 Waist 1.0000 
skin 903 Waist 1.0000 
skin 904 Waist 1.0000 
skin 905 Waist 1.0000 
skin 906 Waist 1.0000 
skin 907 Waist 1.0000 
skin 908 Waist 1.0000 
skin 909 Waist 1.0000 
skin 910 Waist 1.0000 
skin 911 Waist 1.0000 
skin 912 Waist 1.0000 
skin 913 Waist 1.0000 
skin 914 Waist 1.0000 
skin 915 Waist 1.0000 
skin 916 Waist 1.0000 
skin 917 Waist 1.0000 
skin 918 Waist 1.0000 
skin 919 Waist 1.0000 
skin 920 Waist 1.0000 
skin 921 Waist 1.0000 
skin 922 Waist 1.0000 
skin 923 Waist 1.0000 
skin 924 Waist 1.0000 
skin 925 Waist 1.0000 
skin 926 Waist 1.0000 
skin 927 Waist 1.0000 
skin 928 Waist 1.0000 
skin 929 Waist 1.0000 
skin 930 Waist 1.0000 
skin 931 Waist 1.0000 
skin 932 Waist 1.0000 
skin 933 Waist 1.0000 
skin 934 Waist 1.0000 
skin 935 Waist 1.0000 
skin 936 Waist 1.0000 
skin 937 Waist 1.0000 
skin 938 Waist 1.0000 
skin 939 Waist 1.0000 
skin 940 Waist 1.0000 
skin 941 Waist 1.0000 
skin 942 Waist 1.0000 
skin 943 Waist 1.0000 
skin 944 Waist 1.0000 
skin 945 Waist 1.0000 
skin 946 Waist 1.0000 
skin 947 Waist 1.0000 
skin 948 Waist 1.0000 
skin 949 Waist 1.0000 
skin 950 Waist 1.0000 
skin 951 Waist 1.0000 
skin 952 Waist 1.0000 
skin 953 Waist 1.0000 
skin 954 Waist 1.0000 
skin 955 Waist 1.0000 
skin 956 Waist 1.0000 
skin 957 Waist 1.0000 
skin 958 Waist 1.0000 
skin 959 Waist 1.0000 
skin 960 Waist 1.0000 
skin 961 Waist 1.0000 
skin 962 Waist 1.0000 
skin 963 Waist 1.0000 
skin 964 Waist 1.0000 
skin 965 Waist 1.0000 
skin 966 Waist 1.0000 
skin 967 Waist 1.0000 
skin 968 Waist 1.0000 
skin 969 Waist 1.0000 
skin 970 Waist 1.0000 
skin 971 Waist 1.0000 
skin 972 Waist 1.0000 
skin 973 Waist 1.0000 
skin 974 Waist 1.0000 
skin 975 Waist 1.0000 
skin 976 Waist 1.0000 
skin 977 Waist 1.0000 
skin 978 Waist 1.0000 
skin 979 Waist 1.0000 
skin 980 Waist 1.0000 
skin 981 Waist 1.0000 
skin 982 Waist 1.0000 
skin 983 Waist 1.0000 
skin 984 Waist 1.0000 
skin 985 Waist 1.0000 
skin 986 Waist 1.0000 
skin 987 Waist 1.0000 
skin 988 Waist 1.0000 
skin 989 Waist 1.0000 
skin 990 Waist 1.0000 
skin 991 Waist 1.0000 
skin 992 Waist 1.0000 
skin 993 Waist 1.0000 
hier Waist Shoulder
hier Waist Thigh
hier Shoulder Arm
hier Thigh Leg
hier Arm ForeArm
hier Leg Foot
hier ForeArm Hand
hier Foot Toe
hier Toe EndToe
