joints MMD_006481 0.00000000 0.00536900 -0.16052300
joints UpperBody 0.00000000 0.03165440 0.22677800
joints Body5 0.00000000 0.03165440 0.26763000
joints Body8 0.00000000 0.03165440 0.17045800
joints Body4 0.00000000 0.03165440 0.30849600
joints Body9 0.00000000 0.03165440 0.11751600
joints Body3 0.00000000 0.03165440 0.34942500
joints Body10 0.00000000 0.03165440 0.06064700
joints Body2 0.00000000 0.03165440 0.39027500
joints Body11 0.00000000 0.03165440 0.00507400
joints Body 0.00000000 0.03165440 0.41836700
joints Body12 0.00000000 0.03165440 -0.05386300
joints Head 0.00000000 0.03165440 0.45034700
joints Body13 0.00000000 0.03165440 -0.10828530
joints L_Chire1 0.00849330 0.05400630 0.46110900
joints R_Chire1 -0.00849330 0.05400630 0.46110900
joints L_eyebrows2 0.00753588 0.04729460 0.47425100
joints L_eyebrows1 0.00666960 0.04345710 0.47786100
joints L_hire1 0.01998140 0.03595740 0.45502600
joints R_eyebrows3 -0.00975451 0.04213710 0.47425100
joints L_eyebrows3 0.00975451 0.04213710 0.47425100
joints R_hire1 -0.01998140 0.03595740 0.45502600
joints R_cheek -0.00849232 0.03841120 0.47958500
joints R_eyebrows1 -0.00666960 0.04345710 0.47786100
joints L_cheek 0.00849232 0.03841120 0.47958500
joints R_eyebrows2 -0.00753588 0.04729460 0.47425100
joints Body14 0.00000000 0.03165440 -0.16146570
joints Body15 0.00000000 0.03165440 -0.21424530
joints Body16 0.00000000 0.03165440 -0.26146700
joints Body17 0.00000000 0.03165440 -0.31398500
joints Body18 0.00000000 0.03165440 -0.36430300
joints Body19 0.00000000 0.03165440 -0.41925500
joints Body20 0.00000000 0.03165440 -0.46180400
root MMD_006481
skin 0 Body3 0.4800 Body2 0.4800 Body 0.0400 
skin 1 Body4 0.0500 Body3 0.5700 Body2 0.3800 
skin 2 Body3 0.4752 Body2 0.4752 Body 0.0495 
skin 3 Body4 0.0400 Body3 0.5900 Body2 0.3700 
skin 4 Body3 0.4800 Body2 0.4800 Body 0.0400 
skin 5 Body3 0.3465 Body2 0.5347 Body 0.1188 
skin 6 Body3 0.3500 Body2 0.5300 Body 0.1200 
skin 7 Body3 0.1313 Body2 0.5859 Body 0.2828 
skin 8 Body3 0.1400 Body2 0.5800 Body 0.2800 
skin 9 Body3 0.0400 Body2 0.5100 Body 0.4500 
skin 10 Body4 0.1500 Body3 0.6500 Body2 0.2000 
skin 11 Body4 0.0505 Body3 0.6162 Body2 0.3333 
skin 12 Body4 0.1400 Body3 0.6700 Body2 0.1900 
skin 13 Body4 0.0600 Body3 0.6200 Body2 0.3200 
skin 14 Body4 0.1919 Body3 0.6566 Body2 0.1515 
skin 15 Body4 0.0495 Body3 0.5743 Body2 0.3762 
skin 16 Body4 0.1414 Body3 0.6667 Body2 0.1919 
skin 17 Body4 0.0500 Body3 0.5700 Body2 0.3800 
skin 18 Body4 0.0300 Body3 0.5600 Body2 0.4100 
skin 19 Body4 0.0500 Body3 0.5700 Body2 0.3800 
skin 20 Body3 0.5050 Body2 0.4554 Body 0.0396 
skin 21 Body3 0.4800 Body2 0.4800 Body 0.0400 
skin 22 Body4 0.3300 Body3 0.5900 Body2 0.0800 
skin 23 Body4 0.1400 Body3 0.6800 Body2 0.1800 
skin 24 Body4 0.3267 Body3 0.5842 Body2 0.0891 
skin 25 Body4 0.4700 Body3 0.4900 Body2 0.0400 
skin 26 Body4 0.3200 Body3 0.6000 Body2 0.0800 
skin 27 Body4 0.2200 Body3 0.6600 Body2 0.1200 
skin 28 Body4 0.1600 Body3 0.6700 Body2 0.1700 
skin 29 Body4 0.3200 Body3 0.6000 Body2 0.0800 
skin 30 Body4 0.1386 Body3 0.6733 Body2 0.1881 
skin 31 Body4 0.1800 Body3 0.6700 Body2 0.1500 
skin 32 Body4 0.0400 Body3 0.5900 Body2 0.3700 
skin 33 Body4 0.0500 Body3 0.5800 Body2 0.3700 
skin 34 Body3 0.0202 Body2 0.4949 Body 0.4848 
skin 35 Body3 0.1500 Body2 0.5500 Body 0.3000 
skin 36 Body3 0.0900 Body2 0.5400 Body 0.3700 
skin 37 Body3 0.1300 Body2 0.5700 Body 0.3000 
skin 38 Body3 0.3500 Body2 0.5200 Body 0.1300 
skin 39 Body3 0.2800 Body2 0.5700 Body 0.1500 
skin 40 Body3 0.3400 Body2 0.5500 Body 0.1100 
skin 41 Body3 0.4800 Body2 0.4700 Body 0.0500 
skin 42 Body4 0.0500 Body3 0.5200 Body2 0.4300 
skin 43 Body3 0.4700 Body2 0.4700 Body 0.0600 
skin 44 Body3 0.3700 Body2 0.5200 Body 0.1100 
skin 45 Body3 0.3500 Body2 0.5200 Body 0.1300 
skin 46 Body3 0.3500 Body2 0.5300 Body 0.1200 
skin 47 Body3 0.4700 Body2 0.4700 Body 0.0600 
skin 48 Body4 0.0500 Body3 0.5200 Body2 0.4300 
skin 49 Body3 0.4000 Body2 0.5100 Body 0.0900 
skin 50 Body3 0.3465 Body2 0.5347 Body 0.1188 
skin 51 Body3 0.3861 Body2 0.5149 Body 0.0990 
skin 52 Body4 0.0400 Body3 0.5900 Body2 0.3700 
skin 53 Body3 0.4752 Body2 0.4752 Body 0.0495 
skin 54 Body4 0.0700 Body3 0.5300 Body2 0.4000 
skin 55 Body3 0.4800 Body2 0.4700 Body 0.0500 
skin 56 Body3 0.4700 Body2 0.4800 Body 0.0500 
skin 57 Body3 0.1900 Body2 0.6100 Body 0.2000 
skin 58 Body3 0.1111 Body2 0.6263 Body 0.2626 
skin 59 Body3 0.3333 Body2 0.5758 Body 0.0909 
skin 60 Body3 0.4300 Body2 0.5200 Body 0.0500 
skin 61 Body3 0.4356 Body2 0.5149 Body 0.0495 
skin 62 Body3 0.4900 Body2 0.4800 Body 0.0300 
skin 63 Body3 0.4653 Body2 0.4950 Body 0.0396 
skin 64 Body3 0.2900 Body2 0.6100 Body 0.1000 
skin 65 Body3 0.4500 Body2 0.5100 Body 0.0400 
skin 66 Body3 0.1300 Body2 0.6600 Body 0.2100 
skin 67 Body3 0.1000 Body2 0.6300 Body 0.2700 
skin 68 Body4 0.0990 Body3 0.7624 Body2 0.1386 
skin 69 Body4 0.1386 Body3 0.7525 Body2 0.1089 
skin 70 Body4 0.0495 Body3 0.7129 Body2 0.2376 
skin 71 Body4 0.0202 Body3 0.6162 Body2 0.3636 
skin 72 Body4 0.0990 Body3 0.7624 Body2 0.1386 
skin 73 Body4 0.0300 Body3 0.6400 Body2 0.3300 
skin 74 Body4 0.3100 Body3 0.6300 Body2 0.0600 
skin 75 Body 1.0000 
skin 76 Body 1.0000 
skin 77 Body 1.0000 
skin 78 Body 1.0000 
skin 79 Body 1.0000 
skin 80 Body 1.0000 
skin 81 Body 1.0000 
skin 82 Body 1.0000 
skin 83 Body 1.0000 
skin 84 Body 1.0000 
skin 85 Body 1.0000 
skin 86 Body 1.0000 
skin 87 Body 1.0000 
skin 88 Body 1.0000 
skin 89 Body 1.0000 
skin 90 Body 1.0000 
skin 91 Body 1.0000 
skin 92 Body 1.0000 
skin 93 Body 1.0000 
skin 94 Body 1.0000 
skin 95 Body 1.0000 
skin 96 Body 1.0000 
skin 97 Body2 0.3100 Body 0.6000 L_hire1 0.0900 
skin 98 Body2 0.3069 Body 0.5941 L_hire1 0.0990 
skin 99 Body2 0.3200 Body 0.5700 L_hire1 0.1100 
skin 100 Body 1.0000 
skin 101 Body 0.4000 Head 0.6000 
skin 102 Body2 0.3000 Body 0.5700 L_hire1 0.1300 
skin 103 Body 1.0000 
skin 104 Body 1.0000 
skin 105 Body2 0.2871 Body 0.6139 L_hire1 0.0990 
skin 106 Body2 0.2900 Body 0.6100 L_hire1 0.1000 
skin 107 Body 1.0000 
skin 108 Body 1.0000 
skin 109 Body 1.0000 
skin 110 Body 0.8500 Head 0.1500 
skin 111 Body2 0.2900 Body 0.5700 L_hire1 0.1400 
skin 112 Body 1.0000 
skin 113 Body 1.0000 
skin 114 Body 1.0000 
skin 115 Body2 0.2400 Body 0.7200 Head 0.0400 
skin 116 Body 1.0000 
skin 117 Body 1.0000 
skin 118 Body 1.0000 
skin 119 Body 1.0000 
skin 120 Body 1.0000 
skin 121 Body 1.0000 
skin 122 Body2 0.2871 Body 0.6535 Head 0.0594 
skin 123 Body 1.0000 
skin 124 Body2 0.3434 Body 0.5859 Head 0.0707 
skin 125 Body2 0.2900 Body 0.6000 L_hire1 0.1100 
skin 126 Body2 0.4600 Body 0.4900 L_hire1 0.0500 
skin 127 Body2 0.3200 Body 0.5900 Head 0.0900 
skin 128 Body2 0.4700 Body 0.4800 L_hire1 0.0500 
skin 129 Body2 0.4700 Body 0.4800 L_hire1 0.0500 
skin 130 Body3 0.1500 Body2 0.5200 Body 0.3300 
skin 131 Body2 0.4700 Body 0.4900 L_hire1 0.0400 
skin 132 Body3 0.0600 Body2 0.5000 Body 0.4400 
skin 133 Body3 0.0600 Body2 0.5000 Body 0.4400 
skin 134 Body2 0.4700 Body 0.4800 L_hire1 0.0500 
skin 135 Body2 0.4700 Body 0.4900 L_hire1 0.0400 
skin 136 Body2 0.4646 Body 0.4949 L_hire1 0.0404 
skin 137 Body3 0.0600 Body2 0.5000 Body 0.4400 
skin 138 Body2 0.4100 Body 0.4800 L_hire1 0.1100 
skin 139 Body2 0.2871 Body 0.6139 L_hire1 0.0990 
skin 140 Body2 0.4700 Body 0.5100 L_hire1 0.0200 
skin 141 Body8 0.3000 Body9 0.7000 
skin 142 Body8 0.1900 Body9 0.6100 Body10 0.2000 
skin 143 Body8 0.3000 Body9 0.7000 
skin 144 Body8 0.1800 Body9 0.6200 Body10 0.2000 
skin 145 Body8 0.3000 Body9 0.7000 
skin 146 Body8 0.3000 Body9 0.7000 
skin 147 Body8 0.5000 Body9 0.5000 
skin 148 Body8 0.5000 Body9 0.5000 
skin 149 Body8 0.6500 Body9 0.3500 
skin 150 Body9 0.5000 Body10 0.5000 
skin 151 Body9 0.6800 Body10 0.2000 Body11 0.1200 
skin 152 Body9 0.6800 Body10 0.2000 Body11 0.1200 
skin 153 Body9 0.5000 Body10 0.5000 
skin 154 Body9 0.4500 Body10 0.5500 
skin 155 Body9 0.4100 Body10 0.5900 
skin 156 Body9 0.5000 Body10 0.5000 
skin 157 Body9 0.5000 Body10 0.5000 
skin 158 Body9 0.5000 Body10 0.5000 
skin 159 Body9 0.6800 Body10 0.2000 Body11 0.1200 
skin 160 Body8 0.7200 Body9 0.2800 
skin 161 Body8 0.5000 Body9 0.5000 
skin 162 Body8 0.5300 Body9 0.4700 
skin 163 Body8 0.5000 Body9 0.5000 
skin 164 Body8 0.3000 Body9 0.7000 
skin 165 Body8 0.4600 Body9 0.5400 
skin 166 Body8 0.3000 Body9 0.7000 
skin 167 Body8 0.3000 Body9 0.7000 
skin 168 Body8 0.3000 Body9 0.7000 
skin 169 Body8 0.3000 Body9 0.7000 
skin 170 Body8 0.3000 Body9 0.7000 
skin 171 Body8 0.3000 Body9 0.7000 
skin 172 Body8 0.3000 Body9 0.7000 
skin 173 Body8 0.2000 Body9 0.6400 Body10 0.1600 
skin 174 Body8 0.3000 Body9 0.7000 
skin 175 Body8 0.3000 Body9 0.7000 
skin 176 Body8 0.3000 Body9 0.7000 
skin 177 Body8 0.3000 Body9 0.7000 
skin 178 Body8 0.3000 Body9 0.7000 
skin 179 Body8 0.3000 Body9 0.7000 
skin 180 Body8 0.3000 Body9 0.7000 
skin 181 Body8 0.3000 Body9 0.7000 
skin 182 Body8 0.3000 Body9 0.7000 
skin 183 Body8 0.5000 Body9 0.5000 
skin 184 Body8 0.5000 Body9 0.5000 
skin 185 Body8 0.3000 Body9 0.7000 
skin 186 Body8 0.3000 Body9 0.7000 
skin 187 Body8 0.3000 Body9 0.7000 
skin 188 Body8 0.3000 Body9 0.7000 
skin 189 Body8 0.3000 Body9 0.7000 
skin 190 Body8 0.4100 Body9 0.5900 
skin 191 Body8 0.3000 Body9 0.7000 
skin 192 Body8 0.5000 Body9 0.5000 
skin 193 Body8 0.5000 Body9 0.5000 
skin 194 Body9 0.8200 Body10 0.1800 
skin 195 Body9 0.6900 Body10 0.2000 Body11 0.1100 
skin 196 Body9 0.6800 Body10 0.2000 Body11 0.1200 
skin 197 Body9 0.5000 Body10 0.5000 
skin 198 Body8 0.1800 Body9 0.6200 Body10 0.2000 
skin 199 Body8 0.1800 Body9 0.6200 Body10 0.2000 
skin 200 Body8 0.1900 Body9 0.6100 Body10 0.2000 
skin 201 Body9 0.6900 Body10 0.2000 Body11 0.1100 
skin 202 Body8 0.1900 Body9 0.6100 Body10 0.2000 
skin 203 Body9 0.6800 Body10 0.2000 Body11 0.1200 
skin 204 Body8 0.1800 Body9 0.6200 Body10 0.2000 
skin 205 Body9 0.6600 Body10 0.2400 Body11 0.1000 
skin 206 Body9 0.6700 Body10 0.2000 Body11 0.1300 
skin 207 Body8 0.1800 Body9 0.6200 Body10 0.2000 
skin 208 Body8 0.1800 Body9 0.6200 Body10 0.2000 
skin 209 Body8 0.1800 Body9 0.6200 Body10 0.2000 
skin 210 Body8 0.2000 Body9 0.8000 
skin 211 Body8 0.3000 Body9 0.7000 
skin 212 Body9 0.6600 Body10 0.2000 Body11 0.1400 
skin 213 Body9 0.6800 Body10 0.2000 Body11 0.1200 
skin 214 Body9 0.6700 Body10 0.2000 Body11 0.1300 
skin 215 Body9 0.5000 Body10 0.5000 
skin 216 Body9 0.6700 Body10 0.2000 Body11 0.1300 
skin 217 Body8 0.1800 Body9 0.6200 Body10 0.2000 
skin 218 Body9 0.6800 Body10 0.2000 Body11 0.1200 
skin 219 Body8 0.1700 Body9 0.6300 Body10 0.2000 
skin 220 Body9 0.6900 Body10 0.2000 Body11 0.1100 
skin 221 Body18 0.5600 Body19 0.4400 
skin 222 Body18 0.2800 Body19 0.7200 
skin 223 Body18 0.4848 Body19 0.5152 
skin 224 Body18 0.3600 Body19 0.6400 
skin 225 Body18 0.4500 Body19 0.5500 
skin 226 Body18 0.5000 Body19 0.5000 
skin 227 Body18 0.4700 Body19 0.5300 
skin 228 Body18 0.3300 Body19 0.6600 Body20 0.0100 
skin 229 Body18 0.1818 Body19 0.7980 Body20 0.0202 
skin 230 Body18 0.1000 Body19 0.8400 Body20 0.0600 
skin 231 Body18 0.3100 Body19 0.6800 Body20 0.0100 
skin 232 Body18 0.1600 Body19 0.8200 Body20 0.0200 
skin 233 Body18 0.3267 Body19 0.6634 Body20 0.0099 
skin 234 Body18 0.4141 Body19 0.5859 
skin 235 Body18 0.4900 Body19 0.5100 
skin 236 Body18 0.4900 Body19 0.5100 
skin 237 Body18 0.6300 Body19 0.3700 
skin 238 Body18 0.4300 Body19 0.5700 
skin 239 Body18 0.2700 Body19 0.7200 Body20 0.0100 
skin 240 Body18 0.0800 Body19 0.7900 Body20 0.1300 
skin 241 Body18 0.0800 Body19 0.8700 Body20 0.0500 
skin 242 Body18 0.1400 Body19 0.8500 Body20 0.0100 
skin 243 Body18 0.0500 Body19 0.9200 Body20 0.0300 
skin 244 Body18 0.0300 Body19 0.8700 Body20 0.1000 
skin 245 Body18 0.1200 Body19 0.8700 Body20 0.0100 
skin 246 Body18 0.0101 Body19 0.7677 Body20 0.2222 
skin 247 Body18 0.1000 Body19 0.8900 Body20 0.0100 
skin 248 Body18 0.2900 Body19 0.7100 
skin 249 Body18 0.3100 Body19 0.6900 
skin 250 Body18 0.0200 Body19 0.8800 Body20 0.1000 
skin 251 Body18 0.1000 Body19 0.8900 Body20 0.0100 
skin 252 Body18 0.3200 Body19 0.6700 Body20 0.0100 
skin 253 Body18 0.1386 Body19 0.8416 Body20 0.0198 
skin 254 Body18 0.2600 Body19 0.7300 Body20 0.0100 
skin 255 Body18 0.0200 Body19 0.8800 Body20 0.1000 
skin 256 Body18 0.4900 Body19 0.5100 
skin 257 Body18 0.3030 Body19 0.6970 
skin 258 Body18 0.1700 Body19 0.8300 
skin 259 Body18 0.1000 Body19 0.8900 Body20 0.0100 
skin 260 Body18 0.2500 Body19 0.7500 
skin 261 Body18 0.0594 Body19 0.9010 Body20 0.0396 
skin 262 Body18 0.3700 Body19 0.6300 
skin 263 Body18 0.3800 Body19 0.6200 
skin 264 Body18 0.1818 Body19 0.8182 
skin 265 Body18 0.0600 Body19 0.9300 Body20 0.0100 
skin 266 Body18 0.0297 Body19 0.9505 Body20 0.0198 
skin 267 Body18 0.0198 Body19 0.9010 Body20 0.0792 
skin 268 Body18 0.2020 Body19 0.7980 
skin 269 Body 1.0000 
skin 270 Body 0.2000 Head 0.8000 
skin 271 Body 1.0000 
skin 272 Body 1.0000 
skin 273 Body2 0.3300 Body 0.5700 Head 0.1000 
skin 274 Body2 0.3200 Body 0.6000 Head 0.0800 
skin 275 Body 1.0000 
skin 276 Body 1.0000 
skin 277 Body2 0.3300 Body 0.5700 Head 0.1000 
skin 278 Body2 0.3100 Body 0.6100 Head 0.0800 
skin 279 Body 1.0000 
skin 280 Body 1.0000 
skin 281 Body 1.0000 
skin 282 Body 1.0000 
skin 283 Body2 0.2900 Body 0.6000 R_hire1 0.1100 
skin 284 Body2 0.3168 Body 0.5842 R_hire1 0.0990 
skin 285 Body2 0.3200 Body 0.6000 Head 0.0800 
skin 286 Body2 0.2900 Body 0.6100 Head 0.1000 
skin 287 Body 1.0000 
skin 288 Body2 0.3200 Body 0.5900 Head 0.0900 
skin 289 Body 1.0000 
skin 290 Body 1.0000 
skin 291 Body 1.0000 
skin 292 Body 1.0000 
skin 293 Body 1.0000 
skin 294 Body2 0.3100 Body 0.5600 R_hire1 0.1300 
skin 295 Body 1.0000 
skin 296 Body 1.0000 
skin 297 Body 1.0000 
skin 298 Body2 0.2871 Body 0.6535 Head 0.0594 
skin 299 Body 1.0000 
skin 300 Body 1.0000 
skin 301 Body2 0.4700 Body 0.4900 Head 0.0400 
skin 302 Body2 0.4100 Body 0.5400 Head 0.0500 
skin 303 Body2 0.4700 Body 0.4900 Head 0.0400 
skin 304 Body3 0.0792 Body2 0.4851 Body 0.4356 
skin 305 Body3 0.0700 Body2 0.4900 Body 0.4400 
skin 306 Body2 0.4700 Body 0.4900 R_hire1 0.0400 
skin 307 Body2 0.4700 Body 0.4900 R_hire1 0.0400 
skin 308 Body3 0.1900 Body2 0.5200 Body 0.2900 
skin 309 Body2 0.4700 Body 0.5000 Head 0.0300 
skin 310 Body2 0.4700 Body 0.4800 Head 0.0500 
skin 311 Body2 0.2900 Body 0.5400 R_hire1 0.1700 
skin 312 Body2 0.4500 Body 0.4700 R_hire1 0.0800 
skin 313 Body2 0.4500 Body 0.4800 R_hire1 0.0700 
skin 314 Body3 0.0700 Body2 0.4900 Body 0.4400 
skin 315 Body2 0.4600 Body 0.4800 R_hire1 0.0600 
skin 316 Body2 0.3000 Body 0.5700 R_hire1 0.1300 
skin 317 Body2 0.4600 Body 0.4900 R_hire1 0.0500 
skin 318 Body2 0.2900 Body 0.6500 Head 0.0600 
skin 319 Body2 0.2900 Body 0.6500 Head 0.0600 
skin 320 Body2 0.4400 Body 0.5400 Head 0.0200 
skin 321 Body3 0.0600 Body2 0.5000 Body 0.4400 
skin 322 Body2 0.4444 Body 0.5354 Head 0.0202 
skin 323 Body2 0.2900 Body 0.6500 Head 0.0600 
skin 324 Body2 0.2800 Body 0.6500 R_hire1 0.0700 
skin 325 Body2 0.4700 Body 0.5000 R_hire1 0.0300 
skin 326 Body13 0.4500 Body14 0.5500 
skin 327 Body13 0.5100 Body14 0.4900 
skin 328 Body13 0.4600 Body14 0.5400 
skin 329 Body13 0.3100 Body14 0.6900 
skin 330 Body13 0.2900 Body14 0.7100 
skin 331 Body13 0.2600 Body14 0.7400 
skin 332 Body14 0.8000 Body15 0.2000 
skin 333 Body14 0.7900 Body15 0.2100 
skin 334 Body14 0.6200 Body15 0.3800 
skin 335 Body14 0.6100 Body15 0.3900 
skin 336 Body14 0.5000 Body15 0.5000 
skin 337 Body14 0.6100 Body15 0.3900 
skin 338 Body14 0.7700 Body15 0.2300 
skin 339 Body13 0.2200 Body14 0.7800 
skin 340 Body13 0.2900 Body14 0.7100 
skin 341 Body13 0.3300 Body14 0.6700 
skin 342 Body13 0.4600 Body14 0.5400 
skin 343 Body13 0.4600 Body14 0.5400 
skin 344 Body13 0.5300 Body14 0.4700 
skin 345 Body13 0.4500 Body14 0.5500 
skin 346 Body13 0.3300 Body14 0.6700 
skin 347 Body13 0.3300 Body14 0.6700 
skin 348 Body13 0.2800 Body14 0.7200 
skin 349 Body13 0.3100 Body14 0.6900 
skin 350 Body13 0.3000 Body14 0.7000 
skin 351 Body14 0.5200 Body15 0.4800 
skin 352 Body14 0.5000 Body15 0.5000 
skin 353 Body13 0.0600 Body14 0.5700 Body15 0.3700 
skin 354 Body14 0.6100 Body15 0.3900 
skin 355 Body14 0.6100 Body15 0.3900 
skin 356 Body14 0.7800 Body15 0.2200 
skin 357 Body14 0.7800 Body15 0.2200 
skin 358 Body14 0.7800 Body15 0.2200 
skin 359 Body14 0.6200 Body15 0.3800 
skin 360 Body14 0.6200 Body15 0.3800 
skin 361 Body14 0.5000 Body15 0.5000 
skin 362 Body14 0.5000 Body15 0.5000 
skin 363 Body14 0.4500 Body15 0.5000 Body16 0.0500 
skin 364 Body14 0.5000 Body15 0.5000 
skin 365 Body14 0.4200 Body15 0.5100 Body16 0.0700 
skin 366 Body14 0.6300 Body15 0.3700 
skin 367 Body14 0.6200 Body15 0.3800 
skin 368 Body14 0.8000 Body15 0.2000 
skin 369 Body14 0.8000 Body15 0.2000 
skin 370 Body13 0.2100 Body14 0.7900 
skin 371 Body13 0.2200 Body14 0.7800 
skin 372 Body13 0.2800 Body14 0.7200 
skin 373 Body13 0.2900 Body14 0.7100 
skin 374 Body14 0.7700 Body15 0.2300 
skin 375 Body14 0.6000 Body15 0.4000 
skin 376 Body13 0.2300 Body14 0.7700 
skin 377 Body13 0.4300 Body14 0.5700 
skin 378 Body14 0.8500 Body15 0.1500 
skin 379 Body14 0.6600 Body15 0.3400 
skin 380 Body14 0.5000 Body15 0.5000 
skin 381 Body14 0.8400 Body15 0.1600 
skin 382 Body13 0.1100 Body14 0.7400 Body15 0.1500 
skin 383 Body13 0.0500 Body14 0.5900 Body15 0.3600 
skin 384 Body13 0.2600 Body14 0.7400 
skin 385 Body13 0.4500 Body14 0.5500 
skin 386 Body13 0.2500 Body14 0.7500 
skin 387 Body13 0.1500 Body14 0.6500 Body15 0.2000 
skin 388 Body13 0.1515 Body14 0.7172 Body15 0.1313 
skin 389 Body13 0.1300 Body14 0.6900 Body15 0.1800 
skin 390 Body13 0.0606 Body14 0.5657 Body15 0.3737 
skin 391 Body13 0.0600 Body14 0.5600 Body15 0.3800 
skin 392 Body14 0.4800 Body15 0.4800 Body16 0.0400 
skin 393 Body14 0.4848 Body15 0.4848 Body16 0.0303 
skin 394 Body14 0.3100 Body15 0.5400 Body16 0.1500 
skin 395 Body14 0.4900 Body15 0.4800 Body16 0.0300 
skin 396 Body13 0.0500 Body14 0.5600 Body15 0.3900 
skin 397 Body14 0.4900 Body15 0.4800 Body16 0.0300 
skin 398 Body14 0.4242 Body15 0.5152 Body16 0.0606 
skin 399 Body14 0.4200 Body15 0.5100 Body16 0.0700 
skin 400 Body14 0.2727 Body15 0.5455 Body16 0.1818 
skin 401 Body14 0.4200 Body15 0.5100 Body16 0.0700 
skin 402 Body14 0.4200 Body15 0.5100 Body16 0.0700 
skin 403 Body14 0.4900 Body15 0.4800 Body16 0.0300 
skin 404 Body13 0.0500 Body14 0.5800 Body15 0.3700 
skin 405 Body13 0.1300 Body14 0.6900 Body15 0.1800 
skin 406 Body13 0.1313 Body14 0.6869 Body15 0.1818 
skin 407 Body13 0.1300 Body14 0.6900 Body15 0.1800 
skin 408 Body13 0.1200 Body14 0.7500 Body15 0.1300 
skin 409 Body13 0.0396 Body14 0.6139 Body15 0.3465 
skin 410 Body14 0.4900 Body15 0.4900 Body16 0.0200 
skin 411 Body14 0.4200 Body15 0.5200 Body16 0.0600 
skin 412 Body13 0.1100 Body14 0.7700 Body15 0.1200 
skin 413 Body5 0.1600 Body4 0.7100 Body3 0.1300 
skin 414 Body5 0.3700 Body4 0.5700 Body3 0.0600 
skin 415 Body5 0.1717 Body4 0.6869 Body3 0.1414 
skin 416 Body5 0.3600 Body4 0.5900 Body3 0.0500 
skin 417 Body5 0.1700 Body4 0.6900 Body3 0.1400 
skin 418 Body5 0.0495 Body4 0.6238 Body3 0.3267 
skin 419 Body5 0.0500 Body4 0.6200 Body3 0.3300 
skin 420 Body5 0.0101 Body4 0.5051 Body3 0.4848 
skin 421 Body5 0.0101 Body4 0.5051 Body3 0.4848 
skin 422 Body4 0.4400 Body3 0.5500 Body2 0.0100 
skin 423 Body5 0.4900 Body4 0.4900 Body3 0.0200 
skin 424 Body5 0.4900 Body4 0.4900 Body3 0.0200 
skin 425 Body5 0.4000 Body4 0.5600 Body3 0.0400 
skin 426 Body5 0.4900 Body4 0.4900 Body3 0.0200 
skin 427 Body5 0.4158 Body4 0.5446 Body3 0.0396 
skin 428 UpperBody 0.0300 Body5 0.4900 Body4 0.4800 
skin 429 Body5 0.3737 Body4 0.5758 Body3 0.0505 
skin 430 Body5 0.4900 Body4 0.4900 Body3 0.0200 
skin 431 Body5 0.3800 Body4 0.5600 Body3 0.0600 
skin 432 Body5 0.3100 Body4 0.6300 Body3 0.0600 
skin 433 Body5 0.3737 Body4 0.5758 Body3 0.0505 
skin 434 Body5 0.2700 Body4 0.6300 Body3 0.1000 
skin 435 Body5 0.1600 Body4 0.7000 Body3 0.1400 
skin 436 UpperBody 0.0600 Body5 0.5500 Body4 0.3900 
skin 437 UpperBody 0.0600 Body5 0.5500 Body4 0.3900 
skin 438 Body5 0.4900 Body4 0.4900 Body3 0.0200 
skin 439 UpperBody 0.1500 Body5 0.5800 Body4 0.2700 
skin 440 UpperBody 0.1900 Body5 0.5800 Body4 0.2300 
skin 441 UpperBody 0.0594 Body5 0.5446 Body4 0.3960 
skin 442 UpperBody 0.0600 Body5 0.5400 Body4 0.4000 
skin 443 UpperBody 0.0200 Body5 0.4900 Body4 0.4900 
skin 444 UpperBody 0.0300 Body5 0.5100 Body4 0.4600 
skin 445 UpperBody 0.0594 Body5 0.5446 Body4 0.3960 
skin 446 Body5 0.4900 Body4 0.4900 Body3 0.0200 
skin 447 UpperBody 0.0202 Body5 0.4949 Body4 0.4848 
skin 448 Body5 0.3700 Body4 0.5800 Body3 0.0500 
skin 449 Body4 0.3737 Body3 0.6162 Body2 0.0101 
skin 450 Body5 0.0200 Body4 0.5000 Body3 0.4800 
skin 451 Body4 0.4949 Body3 0.4949 Body2 0.0101 
skin 452 Body5 0.0100 Body4 0.5000 Body3 0.4900 
skin 453 Body5 0.0600 Body4 0.6000 Body3 0.3400 
skin 454 Body5 0.0300 Body4 0.5900 Body3 0.3800 
skin 455 Body5 0.0404 Body4 0.6364 Body3 0.3232 
skin 456 Body5 0.2000 Body4 0.6500 Body3 0.1500 
skin 457 Body5 0.2000 Body4 0.6200 Body3 0.1800 
skin 458 Body5 0.2000 Body4 0.6300 Body3 0.1700 
skin 459 Body5 0.0600 Body4 0.6300 Body3 0.3100 
skin 460 Body5 0.0594 Body4 0.6040 Body3 0.3366 
skin 461 Body5 0.0500 Body4 0.6200 Body3 0.3300 
skin 462 Body5 0.2000 Body4 0.6300 Body3 0.1700 
skin 463 Body5 0.3366 Body4 0.5644 Body3 0.0990 
skin 464 Body5 0.0700 Body4 0.6500 Body3 0.2800 
skin 465 Body5 0.0500 Body4 0.6200 Body3 0.3300 
skin 466 Body5 0.0606 Body4 0.6465 Body3 0.2929 
skin 467 Body5 0.3600 Body4 0.5900 Body3 0.0500 
skin 468 Body5 0.1800 Body4 0.6700 Body3 0.1500 
skin 469 Body5 0.3861 Body4 0.5347 Body3 0.0792 
skin 470 Body5 0.2000 Body4 0.6600 Body3 0.1400 
skin 471 Body5 0.1287 Body4 0.6931 Body3 0.1782 
skin 472 Body5 0.0400 Body4 0.6400 Body3 0.3200 
skin 473 Body5 0.0200 Body4 0.5300 Body3 0.4500 
skin 474 Body5 0.0100 Body4 0.5100 Body3 0.4800 
skin 475 Body5 0.0300 Body4 0.6700 Body3 0.3000 
skin 476 Body5 0.0505 Body4 0.7576 Body3 0.1919 
skin 477 Body5 0.1100 Body4 0.7400 Body3 0.1500 
skin 478 Body5 0.1500 Body4 0.7400 Body3 0.1100 
skin 479 Body5 0.0800 Body4 0.7700 Body3 0.1500 
skin 480 Body5 0.0200 Body4 0.6600 Body3 0.3200 
skin 481 Body5 0.0606 Body4 0.7677 Body3 0.1717 
skin 482 Body5 0.0099 Body4 0.5347 Body3 0.4554 
skin 483 Body5 0.0100 Body4 0.5100 Body3 0.4800 
skin 484 Body5 0.4900 Body4 0.5000 Body3 0.0100 
skin 485 UpperBody 0.0101 Body5 0.5051 Body4 0.4848 
skin 486 Body5 0.4300 Body4 0.5500 Body3 0.0200 
skin 487 Body5 0.3000 Body4 0.6600 Body3 0.0400 
skin 488 Body5 0.4900 Body4 0.5000 Body3 0.0100 
skin 489 Body5 0.3267 Body4 0.6436 Body3 0.0297 
skin 490 UpperBody 0.0495 Body5 0.5743 Body4 0.3762 
skin 491 Body3 0.1400 Body2 0.5400 Body 0.3200 
skin 492 Body3 0.3500 Body2 0.5200 Body 0.1300 
skin 493 Body3 0.3600 Body2 0.5100 Body 0.1300 
skin 494 Body3 0.4747 Body2 0.4747 Body 0.0505 
skin 495 Body3 0.5200 Body2 0.4500 Body 0.0300 
skin 496 Body3 0.4752 Body2 0.4752 Body 0.0495 
skin 497 Body4 0.0594 Body3 0.5644 Body2 0.3762 
skin 498 Body4 0.0400 Body3 0.5900 Body2 0.3700 
skin 499 Body3 0.4752 Body2 0.4752 Body 0.0495 
skin 500 Body3 0.3535 Body2 0.5253 Body 0.1212 
skin 501 Body4 0.1500 Body3 0.6500 Body2 0.2000 
skin 502 Body4 0.0792 Body3 0.6436 Body2 0.2772 
skin 503 Body4 0.1584 Body3 0.6436 Body2 0.1980 
skin 504 Body4 0.0600 Body3 0.5600 Body2 0.3800 
skin 505 Body4 0.0400 Body3 0.5900 Body2 0.3700 
skin 506 Body3 0.4700 Body2 0.4700 Body 0.0600 
skin 507 Body3 0.4800 Body2 0.4800 Body 0.0400 
skin 508 Body3 0.3400 Body2 0.5500 Body 0.1100 
skin 509 Body3 0.3600 Body2 0.5100 Body 0.1300 
skin 510 Body3 0.1200 Body2 0.5800 Body 0.3000 
skin 511 Body3 0.3400 Body2 0.5500 Body 0.1100 
skin 512 Body3 0.4700 Body2 0.4800 Body 0.0500 
skin 513 Body3 0.4752 Body2 0.4752 Body 0.0495 
skin 514 Body4 0.3300 Body3 0.5800 Body2 0.0900 
skin 515 Body4 0.3300 Body3 0.5800 Body2 0.0900 
skin 516 Body4 0.3300 Body3 0.5800 Body2 0.0900 
skin 517 Body4 0.1485 Body3 0.6634 Body2 0.1881 
skin 518 Body4 0.3232 Body3 0.5960 Body2 0.0808 
skin 519 Body4 0.1414 Body3 0.6768 Body2 0.1818 
skin 520 Body4 0.0500 Body3 0.5800 Body2 0.3700 
skin 521 Body4 0.4700 Body3 0.4900 Body2 0.0400 
skin 522 Body4 0.3232 Body3 0.5960 Body2 0.0808 
skin 523 Body4 0.1485 Body3 0.6634 Body2 0.1881 
skin 524 Body4 0.1400 Body3 0.6800 Body2 0.1800 
skin 525 Body4 0.0500 Body3 0.5700 Body2 0.3800 
skin 526 Body4 0.0500 Body3 0.5700 Body2 0.3800 
skin 527 Body4 0.1800 Body3 0.5900 Body2 0.2300 
skin 528 Body4 0.1212 Body3 0.5960 Body2 0.2828 
skin 529 Body4 0.0500 Body3 0.5700 Body2 0.3800 
skin 530 Body4 0.0600 Body3 0.5600 Body2 0.3800 
skin 531 Body3 0.4800 Body2 0.4800 Body 0.0400 
skin 532 Body3 0.4800 Body2 0.4800 Body 0.0400 
skin 533 Body4 0.0600 Body3 0.5900 Body2 0.3500 
skin 534 Body4 0.0500 Body3 0.5700 Body2 0.3800 
skin 535 Body4 0.1386 Body3 0.6733 Body2 0.1881 
skin 536 Body4 0.0909 Body3 0.6465 Body2 0.2626 
skin 537 Body4 0.2727 Body3 0.6263 Body2 0.1010 
skin 538 Body4 0.3200 Body3 0.6000 Body2 0.0800 
skin 539 Body4 0.1386 Body3 0.6733 Body2 0.1881 
skin 540 Body4 0.0400 Body3 0.5900 Body2 0.3700 
skin 541 Body3 0.4747 Body2 0.4747 Body 0.0505 
skin 542 Body3 0.3500 Body2 0.5500 Body 0.1000 
skin 543 Body3 0.4800 Body2 0.4800 Body 0.0400 
skin 544 Body4 0.0500 Body3 0.5800 Body2 0.3700 
skin 545 Body4 0.0495 Body3 0.5743 Body2 0.3762 
skin 546 Body4 0.0909 Body3 0.6465 Body2 0.2626 
skin 547 Body4 0.0500 Body3 0.5800 Body2 0.3700 
skin 548 Body4 0.1386 Body3 0.6733 Body2 0.1881 
skin 549 Body4 0.0303 Body3 0.6162 Body2 0.3535 
skin 550 Body3 0.4851 Body2 0.4851 Body 0.0297 
skin 551 Body3 0.3200 Body2 0.6000 Body 0.0800 
skin 552 Body3 0.4800 Body2 0.4900 Body 0.0300 
skin 553 Body4 0.0300 Body3 0.6200 Body2 0.3500 
skin 554 Body4 0.0800 Body3 0.7300 Body2 0.1900 
skin 555 Body4 0.3100 Body3 0.6200 Body2 0.0700 
skin 556 Body4 0.0800 Body3 0.7400 Body2 0.1800 
skin 557 Body4 0.0300 Body3 0.6300 Body2 0.3400 
skin 558 Body3 0.4851 Body2 0.4851 Body 0.0297 
skin 559 Body3 0.3400 Body2 0.5700 Body 0.0900 
skin 560 Body4 0.0297 Body3 0.6337 Body2 0.3366 
skin 561 Body3 0.4851 Body2 0.4851 Body 0.0297 
skin 562 Body4 0.0300 Body3 0.6400 Body2 0.3300 
skin 563 Body4 0.1000 Body3 0.7600 Body2 0.1400 
skin 564 Body15 0.2424 Body16 0.7172 Body17 0.0404 
skin 565 Body15 0.1300 Body16 0.7300 Body17 0.1400 
skin 566 Body15 0.2600 Body16 0.6900 Body17 0.0500 
skin 567 Body15 0.1000 Body16 0.7800 Body17 0.1200 
skin 568 Body15 0.2600 Body16 0.6900 Body17 0.0500 
skin 569 Body15 0.4356 Body16 0.5446 Body17 0.0198 
skin 570 Body15 0.4400 Body16 0.5400 Body17 0.0200 
skin 571 Body14 0.0100 Body15 0.5000 Body16 0.4900 
skin 572 Body14 0.0100 Body15 0.5000 Body16 0.4900 
skin 573 Body14 0.0200 Body15 0.6100 Body16 0.3700 
skin 574 Body15 0.0500 Body16 0.6500 Body17 0.3000 
skin 575 Body15 0.0500 Body16 0.6600 Body17 0.2900 
skin 576 Body15 0.0900 Body16 0.7700 Body17 0.1400 
skin 577 Body15 0.0297 Body16 0.5941 Body17 0.3762 
skin 578 Body15 0.0800 Body16 0.7700 Body17 0.1500 
skin 579 Body15 0.0400 Body16 0.6200 Body17 0.3400 
skin 580 Body15 0.1111 Body16 0.7677 Body17 0.1212 
skin 581 Body15 0.0404 Body16 0.6768 Body17 0.2828 
skin 582 Body15 0.1200 Body16 0.7500 Body17 0.1300 
skin 583 Body15 0.1200 Body16 0.8000 Body17 0.0800 
skin 584 Body15 0.1010 Body16 0.7879 Body17 0.1111 
skin 585 Body15 0.1700 Body16 0.7600 Body17 0.0700 
skin 586 Body15 0.2200 Body16 0.7500 Body17 0.0300 
skin 587 Body15 0.0200 Body16 0.5200 Body17 0.4600 
skin 588 Body15 0.0200 Body16 0.5200 Body17 0.4600 
skin 589 Body15 0.0495 Body16 0.6535 Body17 0.2970 
skin 590 Body15 0.0200 Body16 0.5200 Body17 0.4600 
skin 591 Body16 0.4700 Body17 0.5000 Body18 0.0300 
skin 592 Body15 0.0200 Body16 0.5200 Body17 0.4600 
skin 593 Body15 0.0297 Body16 0.5941 Body17 0.3762 
skin 594 Body15 0.0400 Body16 0.6800 Body17 0.2800 
skin 595 Body15 0.0300 Body16 0.6300 Body17 0.3400 
skin 596 Body15 0.0198 Body16 0.5248 Body17 0.4554 
skin 597 Body15 0.0400 Body16 0.6900 Body17 0.2700 
skin 598 Body15 0.0900 Body16 0.8000 Body17 0.1100 
skin 599 Body14 0.0300 Body15 0.6600 Body16 0.3100 
skin 600 Body14 0.0198 Body15 0.4950 Body16 0.4851 
skin 601 Body14 0.0200 Body15 0.5200 Body16 0.4600 
skin 602 Body14 0.0100 Body15 0.5000 Body16 0.4900 
skin 603 Body15 0.4444 Body16 0.5354 Body17 0.0202 
skin 604 Body15 0.4700 Body16 0.5200 Body17 0.0100 
skin 605 Body15 0.4400 Body16 0.5400 Body17 0.0200 
skin 606 Body15 0.2727 Body16 0.6566 Body17 0.0707 
skin 607 Body15 0.3000 Body16 0.6200 Body17 0.0800 
skin 608 Body15 0.3000 Body16 0.6300 Body17 0.0700 
skin 609 Body15 0.4300 Body16 0.5500 Body17 0.0200 
skin 610 Body15 0.4400 Body16 0.5400 Body17 0.0200 
skin 611 Body15 0.4400 Body16 0.5400 Body17 0.0200 
skin 612 Body15 0.2929 Body16 0.6364 Body17 0.0707 
skin 613 Body15 0.2000 Body16 0.6500 Body17 0.1500 
skin 614 Body15 0.4000 Body16 0.5800 Body17 0.0200 
skin 615 Body15 0.4356 Body16 0.5446 Body17 0.0198 
skin 616 Body15 0.4100 Body16 0.5700 Body17 0.0200 
skin 617 Body15 0.1188 Body16 0.7525 Body17 0.1287 
skin 618 Body15 0.2700 Body16 0.6700 Body17 0.0600 
skin 619 Body15 0.1700 Body16 0.6500 Body17 0.1800 
skin 620 Body15 0.2626 Body16 0.6667 Body17 0.0707 
skin 621 Body15 0.3131 Body16 0.6465 Body17 0.0404 
skin 622 Body15 0.4400 Body16 0.5400 Body17 0.0200 
skin 623 Body14 0.0100 Body15 0.4900 Body16 0.5000 
skin 624 Body14 0.0100 Body15 0.5000 Body16 0.4900 
skin 625 Body15 0.4300 Body16 0.5600 Body17 0.0100 
skin 626 Body15 0.3400 Body16 0.6400 Body17 0.0200 
skin 627 Body15 0.2700 Body16 0.7200 Body17 0.0100 
skin 628 Body15 0.2300 Body16 0.7200 Body17 0.0500 
skin 629 Body15 0.2970 Body16 0.6733 Body17 0.0297 
skin 630 Body15 0.4500 Body16 0.5400 Body17 0.0100 
skin 631 Body15 0.3200 Body16 0.6600 Body17 0.0200 
skin 632 Body14 0.0099 Body15 0.4950 Body16 0.4950 
skin 633 Body14 0.0100 Body15 0.5000 Body16 0.4900 
skin 634 Body15 0.0300 Body16 0.7500 Body17 0.2200 
skin 635 Body15 0.0200 Body16 0.6900 Body17 0.2900 
skin 636 Body15 0.0400 Body16 0.8400 Body17 0.1200 
skin 637 Body15 0.0700 Body16 0.8700 Body17 0.0600 
skin 638 Body15 0.0300 Body16 0.7300 Body17 0.2400 
skin 639 Body15 0.0792 Body16 0.8317 Body17 0.0891 
skin 640 Body15 0.0200 Body16 0.5300 Body17 0.4500 
skin 641 UpperBody 1.0000 
skin 642 UpperBody 0.8600 Body8 0.1400 
skin 643 UpperBody 1.0000 
skin 644 UpperBody 1.0000 
skin 645 UpperBody 1.0000 
skin 646 UpperBody 1.0000 
skin 647 UpperBody 1.0000 
skin 648 UpperBody 1.0000 
skin 649 UpperBody 0.9000 Body8 0.1000 
skin 650 UpperBody 1.0000 
skin 651 UpperBody 0.8800 Body8 0.1200 
skin 652 UpperBody 0.9000 Body8 0.1000 
skin 653 UpperBody 1.0000 
skin 654 UpperBody 1.0000 
skin 655 UpperBody 0.8900 Body8 0.1100 
skin 656 UpperBody 0.3300 Body8 0.6700 
skin 657 UpperBody 0.5700 Body8 0.4300 
skin 658 UpperBody 0.5700 Body8 0.4300 
skin 659 UpperBody 0.5700 Body8 0.4300 
skin 660 UpperBody 1.0000 
skin 661 UpperBody 1.0000 
skin 662 UpperBody 1.0000 
skin 663 UpperBody 1.0000 
skin 664 UpperBody 1.0000 
skin 665 UpperBody 1.0000 
skin 666 UpperBody 1.0000 
skin 667 UpperBody 0.9200 Body8 0.0800 
skin 668 UpperBody 0.8700 Body8 0.1300 
skin 669 UpperBody 1.0000 
skin 670 UpperBody 1.0000 
skin 671 UpperBody 0.5600 Body8 0.4400 
skin 672 UpperBody 1.0000 
skin 673 UpperBody 0.6000 Body8 0.4000 
skin 674 UpperBody 0.6100 Body8 0.3900 
skin 675 UpperBody 0.6100 Body8 0.3900 
skin 676 UpperBody 0.6100 Body8 0.3900 
skin 677 UpperBody 0.6100 Body8 0.3900 
skin 678 UpperBody 0.7100 Body8 0.2900 
skin 679 UpperBody 0.8500 Body8 0.1500 
skin 680 UpperBody 0.8500 Body8 0.1500 
skin 681 UpperBody 0.7000 Body8 0.3000 
skin 682 UpperBody 0.8500 Body8 0.1500 
skin 683 UpperBody 0.7000 Body8 0.3000 
skin 684 UpperBody 0.5900 Body8 0.4100 
skin 685 UpperBody 0.6100 Body8 0.3900 
skin 686 UpperBody 0.6100 Body8 0.3900 
skin 687 UpperBody 0.7200 Body8 0.2800 
skin 688 UpperBody 0.8000 Body8 0.2000 
skin 689 UpperBody 0.8700 Body8 0.1300 
skin 690 UpperBody 0.8700 Body8 0.1300 
skin 691 UpperBody 0.8600 Body8 0.1400 
skin 692 UpperBody 0.8400 Body8 0.1600 
skin 693 UpperBody 0.8500 Body8 0.1500 
skin 694 UpperBody 0.7300 Body8 0.2700 
skin 695 UpperBody 0.7300 Body8 0.2700 
skin 696 UpperBody 0.6100 Body8 0.3900 
skin 697 UpperBody 0.6100 Body8 0.3900 
skin 698 UpperBody 0.5700 Body8 0.4300 
skin 699 UpperBody 0.6100 Body8 0.3900 
skin 700 UpperBody 0.6100 Body8 0.3900 
skin 701 UpperBody 0.7300 Body8 0.2700 
skin 702 UpperBody 0.7400 Body8 0.2600 
skin 703 UpperBody 0.9000 Body8 0.1000 
skin 704 UpperBody 0.7100 Body8 0.2900 
skin 705 UpperBody 0.7300 Body8 0.2700 
skin 706 UpperBody 0.8600 Body8 0.1400 
skin 707 UpperBody 0.7200 Body8 0.2800 
skin 708 UpperBody 0.6100 Body8 0.3900 
skin 709 UpperBody 0.6100 Body8 0.3900 
skin 710 UpperBody 0.6100 Body8 0.3900 
skin 711 UpperBody 0.8500 Body8 0.1500 
skin 712 UpperBody 0.7400 Body8 0.2600 
skin 713 UpperBody 0.6100 Body8 0.3900 
skin 714 UpperBody 0.9100 Body8 0.0900 
skin 715 UpperBody 0.7800 Body8 0.2200 
skin 716 UpperBody 0.6100 Body8 0.3900 
skin 717 UpperBody 0.6500 Body5 0.3500 
skin 718 UpperBody 0.6600 Body5 0.3400 
skin 719 UpperBody 0.6600 Body5 0.3400 
skin 720 UpperBody 0.9000 Body5 0.1000 
skin 721 UpperBody 0.9000 Body5 0.1000 
skin 722 UpperBody 1.0000 
skin 723 UpperBody 0.9000 Body5 0.1000 
skin 724 UpperBody 0.9000 Body5 0.1000 
skin 725 UpperBody 1.0000 
skin 726 UpperBody 0.6400 Body5 0.3600 
skin 727 UpperBody 0.9000 Body5 0.1000 
skin 728 UpperBody 0.9000 Body5 0.1000 
skin 729 UpperBody 0.7700 Body5 0.2300 
skin 730 UpperBody 0.6600 Body5 0.3400 
skin 731 UpperBody 0.6600 Body5 0.3400 
skin 732 UpperBody 0.6200 Body5 0.3800 
skin 733 UpperBody 0.6600 Body5 0.3400 
skin 734 UpperBody 0.6500 Body5 0.3500 
skin 735 UpperBody 0.6700 Body5 0.3300 
skin 736 UpperBody 0.9000 Body5 0.1000 
skin 737 UpperBody 1.0000 
skin 738 UpperBody 1.0000 
skin 739 UpperBody 1.0000 
skin 740 UpperBody 0.9000 Body5 0.1000 
skin 741 UpperBody 0.9000 Body5 0.1000 
skin 742 UpperBody 0.9000 Body5 0.1000 
skin 743 UpperBody 0.6700 Body5 0.3300 
skin 744 UpperBody 0.9000 Body5 0.1000 
skin 745 UpperBody 0.9000 Body5 0.1000 
skin 746 UpperBody 0.6600 Body5 0.3400 
skin 747 UpperBody 0.9000 Body5 0.1000 
skin 748 UpperBody 0.9000 Body5 0.1000 
skin 749 UpperBody 1.0000 
skin 750 UpperBody 1.0000 
skin 751 UpperBody 1.0000 
skin 752 UpperBody 0.9000 Body5 0.1000 
skin 753 UpperBody 0.6600 Body5 0.3400 
skin 754 UpperBody 0.9000 Body5 0.1000 
skin 755 UpperBody 0.6900 Body5 0.3100 
skin 756 UpperBody 0.6700 Body5 0.3300 
skin 757 UpperBody 0.9000 Body5 0.1000 
skin 758 UpperBody 1.0000 
skin 759 UpperBody 1.0000 
skin 760 UpperBody 0.6600 Body5 0.3400 
skin 761 UpperBody 0.7100 Body5 0.2900 
skin 762 UpperBody 0.6700 Body5 0.3300 
skin 763 UpperBody 0.9000 Body5 0.1000 
skin 764 UpperBody 1.0000 
skin 765 UpperBody 1.0000 
skin 766 UpperBody 1.0000 
skin 767 UpperBody 1.0000 
skin 768 UpperBody 0.9000 Body5 0.1000 
skin 769 UpperBody 0.8000 Body5 0.2000 
skin 770 UpperBody 0.7200 Body5 0.2800 
skin 771 UpperBody 0.5500 Body5 0.4500 
skin 772 UpperBody 0.9000 Body5 0.1000 
skin 773 UpperBody 0.6600 Body5 0.3400 
skin 774 UpperBody 1.0000 
skin 775 UpperBody 0.9000 Body5 0.1000 
skin 776 UpperBody 1.0000 
skin 777 UpperBody 0.9000 Body5 0.1000 
skin 778 UpperBody 0.9000 Body5 0.1000 
skin 779 UpperBody 0.5500 Body5 0.4500 
skin 780 UpperBody 1.0000 
skin 781 UpperBody 1.0000 
skin 782 UpperBody 1.0000 
skin 783 UpperBody 1.0000 
skin 784 UpperBody 1.0000 
skin 785 UpperBody 1.0000 
skin 786 UpperBody 0.9000 Body5 0.1000 
skin 787 UpperBody 0.9000 Body5 0.1000 
skin 788 UpperBody 1.0000 
skin 789 UpperBody 0.9000 Body5 0.1000 
skin 790 UpperBody 0.9000 Body5 0.1000 
skin 791 UpperBody 0.9000 Body5 0.1000 
skin 792 UpperBody 0.9000 Body5 0.1000 
skin 793 Body14 0.0100 Body15 0.5000 Body16 0.4900 
skin 794 Body14 0.0200 Body15 0.6000 Body16 0.3800 
skin 795 Body14 0.0100 Body15 0.5000 Body16 0.4900 
skin 796 Body15 0.4356 Body16 0.5446 Body17 0.0198 
skin 797 Body15 0.4300 Body16 0.5600 Body17 0.0100 
skin 798 Body15 0.3900 Body16 0.5900 Body17 0.0200 
skin 799 Body15 0.2400 Body16 0.7200 Body17 0.0400 
skin 800 Body15 0.2500 Body16 0.7000 Body17 0.0500 
skin 801 Body15 0.1111 Body16 0.7677 Body17 0.1212 
skin 802 Body15 0.1100 Body16 0.7600 Body17 0.1300 
skin 803 Body15 0.0500 Body16 0.6700 Body17 0.2800 
skin 804 Body15 0.1100 Body16 0.7700 Body17 0.1200 
skin 805 Body15 0.2600 Body16 0.6900 Body17 0.0500 
skin 806 Body15 0.3200 Body16 0.6600 Body17 0.0200 
skin 807 Body15 0.4100 Body16 0.5800 Body17 0.0100 
skin 808 Body15 0.4300 Body16 0.5600 Body17 0.0100 
skin 809 Body14 0.0100 Body15 0.5000 Body16 0.4900 
skin 810 Body14 0.0100 Body15 0.5000 Body16 0.4900 
skin 811 Body14 0.0100 Body15 0.7500 Body16 0.2400 
skin 812 Body15 0.5100 Body16 0.4900 
skin 813 Body15 0.4242 Body16 0.5657 Body17 0.0101 
skin 814 Body15 0.4300 Body16 0.5600 Body17 0.0100 
skin 815 Body15 0.2400 Body16 0.7200 Body17 0.0400 
skin 816 Body15 0.3960 Body16 0.5941 Body17 0.0099 
skin 817 Body15 0.2400 Body16 0.7400 Body17 0.0200 
skin 818 Body15 0.2100 Body16 0.7600 Body17 0.0300 
skin 819 Body15 0.1100 Body16 0.7700 Body17 0.1200 
skin 820 Body15 0.1000 Body16 0.7800 Body17 0.1200 
skin 821 Body15 0.0400 Body16 0.6500 Body17 0.3100 
skin 822 Body15 0.0400 Body16 0.6600 Body17 0.3000 
skin 823 Body16 0.4900 Body17 0.4900 Body18 0.0200 
skin 824 Body15 0.0792 Body16 0.8020 Body17 0.1188 
skin 825 Body15 0.0396 Body16 0.7030 Body17 0.2574 
skin 826 Body15 0.0200 Body16 0.5300 Body17 0.4500 
skin 827 Body16 0.4800 Body17 0.5000 Body18 0.0200 
skin 828 Body15 0.0200 Body16 0.5300 Body17 0.4500 
skin 829 Body15 0.0200 Body16 0.5300 Body17 0.4500 
skin 830 Body15 0.0900 Body16 0.8100 Body17 0.1000 
skin 831 Body15 0.0400 Body16 0.7000 Body17 0.2600 
skin 832 Body15 0.2100 Body16 0.7600 Body17 0.0300 
skin 833 Body15 0.2200 Body16 0.7500 Body17 0.0300 
skin 834 Body15 0.4100 Body16 0.5800 Body17 0.0100 
skin 835 Body15 0.4100 Body16 0.5800 Body17 0.0100 
skin 836 Body15 0.2121 Body16 0.7576 Body17 0.0303 
skin 837 Body15 0.0900 Body16 0.8100 Body17 0.1000 
skin 838 Body15 0.1089 Body16 0.7723 Body17 0.1188 
skin 839 Body15 0.0700 Body16 0.6800 Body17 0.2500 
skin 840 Body15 0.0600 Body16 0.6400 Body17 0.3000 
skin 841 Body15 0.1089 Body16 0.7723 Body17 0.1188 
skin 842 Body15 0.1100 Body16 0.7700 Body17 0.1200 
skin 843 Body15 0.2300 Body16 0.7300 Body17 0.0400 
skin 844 Body15 0.2300 Body16 0.7300 Body17 0.0400 
skin 845 Body15 0.0909 Body16 0.8081 Body17 0.1010 
skin 846 Body15 0.0500 Body16 0.6700 Body17 0.2800 
skin 847 Body15 0.0400 Body16 0.6800 Body17 0.2800 
skin 848 Body15 0.0200 Body16 0.5200 Body17 0.4600 
skin 849 Body15 0.0500 Body16 0.6700 Body17 0.2800 
skin 850 Body15 0.1000 Body16 0.7900 Body17 0.1100 
skin 851 Body15 0.1000 Body16 0.7800 Body17 0.1200 
skin 852 Body15 0.2500 Body16 0.7000 Body17 0.0500 
skin 853 Body15 0.2500 Body16 0.7000 Body17 0.0500 
skin 854 Body15 0.3400 Body16 0.6300 Body17 0.0300 
skin 855 Body15 0.3500 Body16 0.6200 Body17 0.0300 
skin 856 Body15 0.4300 Body16 0.5600 Body17 0.0100 
skin 857 Body15 0.4400 Body16 0.5500 Body17 0.0100 
skin 858 Body15 0.1100 Body16 0.7700 Body17 0.1200 
skin 859 Body15 0.4000 Body16 0.5900 Body17 0.0100 
skin 860 Body14 0.0100 Body15 0.5000 Body16 0.4900 
skin 861 Body15 0.3100 Body16 0.6800 Body17 0.0100 
skin 862 Body15 0.1900 Body16 0.7800 Body17 0.0300 
skin 863 Body15 0.0600 Body16 0.8700 Body17 0.0700 
skin 864 Body15 0.0300 Body16 0.7100 Body17 0.2600 
skin 865 Body15 0.1700 Body16 0.8100 Body17 0.0200 
skin 866 Body15 0.1717 Body16 0.8081 Body17 0.0202 
skin 867 Body15 0.0900 Body16 0.8100 Body17 0.1000 
skin 868 Body15 0.3900 Body16 0.6100 
skin 869 Body15 0.5100 Body16 0.4900 
skin 870 Body15 0.3737 Body16 0.6263 
skin 871 Body15 0.1782 Body16 0.8020 Body17 0.0198 
skin 872 Body15 0.0600 Body16 0.8700 Body17 0.0700 
skin 873 Body15 0.0202 Body16 0.7677 Body17 0.2121 
skin 874 Body15 0.0100 Body16 0.5400 Body17 0.4500 
skin 875 Body15 0.1600 Body16 0.8300 Body17 0.0100 
