joints Waist 0.00000000 0.38440550 -0.10354150
joints Spine2 0.00000035 0.43553850 -0.02501560
joints RThigh -0.16846400 0.30451850 -0.25705200
joints LThigh 0.16846300 0.30451750 -0.25705300
joints EndHips -0.00000143 0.17704050 -0.42199500
joints Head 0.00000065 0.46178250 0.05147400
joints RShoulder -0.07148100 0.37325450 0.02861700
joints LShoulder 0.07148180 0.37325550 0.02861700
joints RLeg -0.16846400 0.18192050 -0.22626000
joints LLeg 0.16846200 0.18192050 -0.22626100
joints LFeelerB 0.14369900 0.47606750 0.31841300
joints LFeelerA 0.14978400 0.52762850 0.31611200
joints Jaw 0.00000164 0.50283450 0.33784500
joints LEar1 0.14250000 0.65208050 0.08393100
joints Nose 0.00000208 0.56677750 0.43558200
joints REar1 -0.14249700 0.65208050 0.08393200
joints RFeelerA -0.14978000 0.52762850 0.31611400
joints RFeelerB -0.14369600 0.47606750 0.31841400
joints RArm -0.13504700 0.25835350 0.10128000
joints LArm 0.13504800 0.25835250 0.10127900
joints RFoot -0.16846400 0.06741360 -0.24699000
joints LFoot 0.16846200 0.06741320 -0.24699100
joints EndLFeelerA 0.39207400 0.45688250 0.22884200
joints EndJaw 0.00000173 0.40984150 0.41791600
joints LEar2 0.25280300 0.71067850 -0.01112900
joints REar2 -0.25280200 0.71067950 -0.01112700
joints EndRFeelerA -0.39207200 0.45688350 0.22884500
joints EndRFeelerB -0.29017600 0.38768750 0.26973600
joints RForeArm -0.19398500 0.14730350 0.16137200
joints LForeArm 0.19398700 0.14730350 0.16137000
joints RToe -0.16841600 0.01783360 -0.12424850
joints LToe 0.16851100 0.01783320 -0.12424970
joints EndLEar2 0.45699400 0.81915450 -0.18710300
joints EndREar2 -0.45699400 0.81915650 -0.18710000
joints RHand -0.23354100 0.07449670 0.20447800
joints LHand 0.23354200 0.07449620 0.20447700
joints RFinger -0.24128800 0.07651930 0.23957600
joints LFinger 0.24128900 0.07651880 0.23957300
root Waist
skin 0 Waist 0.9600 RThigh 0.0200 LThigh 0.0200 
skin 1 Waist 0.8800 LThigh 0.0800 LLeg 0.0400 
skin 2 Waist 0.9700 Spine2 0.0200 LThigh 0.0100 
skin 3 Waist 0.9100 Spine2 0.0200 LThigh 0.0400 LLeg 0.0300 
skin 4 Waist 0.6300 LThigh 0.2500 LLeg 0.1200 
skin 5 Waist 0.8700 Spine2 0.1300 
skin 6 Waist 0.7100 LThigh 0.1800 LLeg 0.1100 
skin 7 Waist 0.4100 LThigh 0.4000 LLeg 0.1900 
skin 8 Waist 0.4200 LThigh 0.3800 LLeg 0.2000 
skin 9 Waist 0.8600 Spine2 0.1300 LLeg 0.0100 
skin 10 Waist 0.8000 Spine2 0.0500 LThigh 0.1500 
skin 11 Waist 0.4300 LThigh 0.4300 LLeg 0.1400 
skin 12 Waist 0.5900 Spine2 0.4100 
skin 13 Waist 0.6000 Spine2 0.4000 
skin 14 Waist 0.6500 Spine2 0.3100 LShoulder 0.0400 
skin 15 Waist 0.6800 Spine2 0.1200 LThigh 0.2000 
skin 16 Waist 0.3700 Spine2 0.1900 LShoulder 0.4400 
skin 17 Waist 0.4600 LThigh 0.4600 LLeg 0.0800 
skin 18 Waist 0.6800 Spine2 0.1200 LThigh 0.2000 
skin 19 Waist 0.5000 Spine2 0.0100 LThigh 0.4900 
skin 20 Waist 0.5300 Spine2 0.0100 LThigh 0.4600 
skin 21 Waist 0.3100 Spine2 0.0300 LShoulder 0.6600 
skin 22 Waist 0.7300 Spine2 0.0500 LShoulder 0.2200 
skin 23 Waist 0.7300 Spine2 0.1000 LThigh 0.1700 
skin 24 Waist 0.5400 Spine2 0.0100 LThigh 0.4500 
skin 25 Waist 0.7800 Spine2 0.0900 LThigh 0.1300 
skin 26 Waist 0.5400 Spine2 0.0100 LThigh 0.4500 
skin 27 Waist 0.8100 Spine2 0.1700 LThigh 0.0200 
skin 28 Waist 0.4500 Spine2 0.1900 LShoulder 0.3600 
skin 29 Waist 0.6600 Spine2 0.3200 LShoulder 0.0200 
skin 30 Waist 0.6700 Spine2 0.3300 
skin 31 Waist 0.8200 Spine2 0.1600 LThigh 0.0200 
skin 32 Waist 0.7000 Spine2 0.3000 
skin 33 Waist 0.7500 Spine2 0.0500 LThigh 0.2000 
skin 34 Waist 0.8600 Spine2 0.1200 LThigh 0.0200 
skin 35 Waist 0.7100 Spine2 0.2900 
skin 36 Waist 0.5300 LThigh 0.4700 
skin 37 Waist 0.7900 Spine2 0.0100 LThigh 0.2000 
skin 38 Waist 0.5100 LThigh 0.4900 
skin 39 Waist 0.9000 Spine2 0.0900 LThigh 0.0100 
skin 40 Waist 0.7300 Spine2 0.2700 
skin 41 Waist 0.7600 LThigh 0.2400 
skin 42 Waist 0.4700 LThigh 0.4900 LLeg 0.0400 
skin 43 Waist 0.8900 Spine2 0.0200 LThigh 0.0900 
skin 44 Waist 0.9100 Spine2 0.0900 
skin 45 Waist 0.7300 Spine2 0.2700 
skin 46 Waist 0.6900 LThigh 0.3100 
skin 47 Waist 0.4400 LThigh 0.5000 LLeg 0.0600 
skin 48 Waist 0.8900 LThigh 0.1100 
skin 49 Waist 0.9900 Spine2 0.0100 
skin 50 Waist 0.9100 Spine2 0.0900 
skin 51 Waist 0.7300 Spine2 0.2700 
skin 52 Waist 0.9100 Spine2 0.0900 
skin 53 Waist 0.9900 Spine2 0.0100 
skin 54 Waist 0.9900 Spine2 0.0100 
skin 55 Waist 1.0000 
skin 56 Waist 0.9900 LThigh 0.0100 
skin 57 Waist 1.0000 
skin 58 Waist 0.8200 LThigh 0.1800 
skin 59 Waist 0.6200 LThigh 0.3800 
skin 60 Waist 0.3400 LThigh 0.5400 LLeg 0.1200 
skin 61 Waist 0.9900 LThigh 0.0100 
skin 62 Waist 0.9400 LThigh 0.0600 
skin 63 Waist 0.7700 LThigh 0.2300 
skin 64 Waist 0.5500 LThigh 0.4000 LLeg 0.0500 
skin 65 Waist 0.2300 LThigh 0.6000 LLeg 0.1700 
skin 66 Waist 1.0000 
skin 67 Waist 1.0000 
skin 68 Waist 1.0000 
skin 69 Waist 1.0000 
skin 70 Waist 1.0000 
skin 71 Waist 1.0000 
skin 72 Waist 0.9800 LThigh 0.0200 
skin 73 Waist 0.9200 LThigh 0.0800 
skin 74 Waist 0.5100 LThigh 0.3900 LLeg 0.1000 
skin 75 Waist 0.2100 LThigh 0.5700 LLeg 0.2200 
skin 76 Waist 0.7200 LThigh 0.2800 
skin 77 Waist 0.8600 LThigh 0.1400 
skin 78 Waist 1.0000 
skin 79 Waist 1.0000 
skin 80 Waist 1.0000 
skin 81 Waist 1.0000 
skin 82 Waist 1.0000 
skin 83 Waist 0.9700 LThigh 0.0300 
skin 84 Waist 1.0000 
skin 85 Waist 1.0000 
skin 86 Waist 1.0000 
skin 87 Waist 1.0000 
skin 88 Waist 1.0000 
skin 89 Waist 1.0000 
skin 90 Waist 1.0000 
skin 91 Waist 1.0000 
skin 92 Waist 1.0000 
skin 93 Waist 1.0000 
skin 94 Waist 1.0000 
skin 95 Waist 1.0000 
skin 96 Waist 1.0000 
skin 97 Waist 0.9300 LThigh 0.0700 
skin 98 Waist 0.6700 LThigh 0.2900 LLeg 0.0400 
skin 99 Waist 0.8700 LThigh 0.1300 
skin 100 Waist 1.0000 
skin 101 Waist 1.0000 
skin 102 Waist 1.0000 
skin 103 Waist 1.0000 
skin 104 Waist 1.0000 
skin 105 Waist 1.0000 
skin 106 Waist 1.0000 
skin 107 Waist 1.0000 
skin 108 Waist 1.0000 
skin 109 Waist 0.9600 RThigh 0.0200 LThigh 0.0200 
skin 110 Waist 0.8600 LThigh 0.1400 
skin 111 Waist 0.9600 RThigh 0.0200 LThigh 0.0200 
skin 112 Waist 0.9400 RThigh 0.0300 LThigh 0.0300 
skin 113 Waist 0.8400 LThigh 0.1400 LLeg 0.0200 
skin 114 Waist 0.9000 RThigh 0.0500 LThigh 0.0500 
skin 115 Waist 0.6600 LThigh 0.2700 LLeg 0.0700 
skin 116 Waist 0.8400 LThigh 0.1300 LLeg 0.0300 
skin 117 Waist 0.9000 RThigh 0.0500 LThigh 0.0500 
skin 118 Waist 1.0000 
skin 119 Waist 1.0000 
skin 120 Waist 1.0000 
skin 121 Waist 1.0000 
skin 122 Waist 1.0000 
skin 123 Waist 1.0000 
skin 124 Waist 1.0000 
skin 125 Waist 0.4900 LThigh 0.3500 LLeg 0.1600 
skin 126 Waist 0.6500 LThigh 0.2500 LLeg 0.1000 
skin 127 Waist 0.4700 LThigh 0.3500 LLeg 0.1800 
skin 128 Waist 0.1800 LThigh 0.5700 LLeg 0.2500 
skin 129 Waist 0.8500 LThigh 0.1200 LLeg 0.0300 
skin 130 Waist 0.6400 LThigh 0.2600 LLeg 0.1000 
skin 131 Waist 0.4500 LThigh 0.3100 LLeg 0.2400 
skin 132 Waist 0.1600 LThigh 0.5900 LLeg 0.2500 
skin 133 Waist 0.9200 RThigh 0.0400 LThigh 0.0400 
skin 134 Waist 0.8300 LThigh 0.1400 LLeg 0.0300 
skin 135 Waist 0.9400 RThigh 0.0300 LThigh 0.0300 
skin 136 Waist 0.6300 LThigh 0.2500 LLeg 0.1200 
skin 137 Waist 0.8200 LThigh 0.1400 LLeg 0.0400 
skin 138 Waist 0.5600 LThigh 0.3300 LLeg 0.1100 
skin 139 Waist 0.4300 LThigh 0.3100 LLeg 0.2600 
skin 140 Waist 0.4000 LThigh 0.4200 LLeg 0.1800 
skin 141 Waist 0.1600 LThigh 0.5400 LLeg 0.3000 
skin 142 Waist 0.1600 LThigh 0.5000 LLeg 0.3400 
skin 143 LThigh 0.4000 LLeg 0.3900 LFoot 0.2100 
skin 144 Waist 0.8800 RThigh 0.0800 RLeg 0.0400 
skin 145 Waist 0.9100 Spine2 0.0200 RThigh 0.0400 RLeg 0.0300 
skin 146 Waist 0.6300 RThigh 0.2500 RLeg 0.1200 
skin 147 Waist 0.8600 Spine2 0.1300 RLeg 0.0100 
skin 148 Waist 0.6000 Spine2 0.4000 
skin 149 Waist 0.7100 RThigh 0.1800 RLeg 0.1100 
skin 150 Waist 0.8000 Spine2 0.0500 RThigh 0.1500 
skin 151 Waist 0.6500 Spine2 0.3100 RShoulder 0.0400 
skin 152 Waist 0.4100 RThigh 0.4000 RLeg 0.1900 
skin 153 Waist 0.4200 RThigh 0.3800 RLeg 0.2000 
skin 154 Waist 0.4300 RThigh 0.4300 RLeg 0.1400 
skin 155 Waist 0.6800 Spine2 0.1200 RThigh 0.2000 
skin 156 Waist 0.4600 RThigh 0.4600 RLeg 0.0800 
skin 157 Waist 0.3700 Spine2 0.1900 RShoulder 0.4400 
skin 158 Waist 0.6800 Spine2 0.1200 RThigh 0.2000 
skin 159 Waist 0.3100 Spine2 0.0300 RShoulder 0.6600 
skin 160 Waist 0.7300 Spine2 0.0500 RShoulder 0.2200 
skin 161 Waist 0.5000 Spine2 0.0100 RThigh 0.4900 
skin 162 Waist 0.5300 Spine2 0.0100 RThigh 0.4600 
skin 163 Waist 0.7300 Spine2 0.1000 RThigh 0.1700 
skin 164 Waist 0.5400 Spine2 0.0100 RThigh 0.4500 
skin 165 Waist 0.7800 Spine2 0.0900 RThigh 0.1300 
skin 166 Waist 0.5400 Spine2 0.0100 RThigh 0.4500 
skin 167 Waist 0.7500 Spine2 0.0500 RThigh 0.2000 
skin 168 Waist 0.5300 RThigh 0.4700 
skin 169 Waist 0.8100 Spine2 0.1700 RThigh 0.0200 
skin 170 Waist 0.4500 Spine2 0.1900 RShoulder 0.3600 
skin 171 Waist 0.6600 Spine2 0.3200 RShoulder 0.0200 
skin 172 Waist 0.6700 Spine2 0.3300 
skin 173 Waist 0.8200 Spine2 0.1600 RThigh 0.0200 
skin 174 Waist 0.7000 Spine2 0.3000 
skin 175 Waist 0.8600 Spine2 0.1200 RThigh 0.0200 
skin 176 Waist 0.7100 Spine2 0.2900 
skin 177 Waist 0.7900 Spine2 0.0100 RThigh 0.2000 
skin 178 Waist 0.9000 Spine2 0.0900 RThigh 0.0100 
skin 179 Waist 0.7300 Spine2 0.2700 
skin 180 Waist 0.5100 RThigh 0.4900 
skin 181 Waist 0.9100 Spine2 0.0900 
skin 182 Waist 0.7300 Spine2 0.2700 
skin 183 Waist 0.8900 Spine2 0.0200 RThigh 0.0900 
skin 184 Waist 0.7600 RThigh 0.2400 
skin 185 Waist 0.4700 RThigh 0.4900 RLeg 0.0400 
skin 186 Waist 0.9100 Spine2 0.0900 
skin 187 Waist 0.9900 Spine2 0.0100 
skin 188 Waist 0.9900 Spine2 0.0100 
skin 189 Waist 0.8900 RThigh 0.1100 
skin 190 Waist 0.9900 RThigh 0.0100 
skin 191 Waist 1.0000 
skin 192 Waist 0.6900 RThigh 0.3100 
skin 193 Waist 0.8200 RThigh 0.1800 
skin 194 Waist 0.4400 RThigh 0.5000 RLeg 0.0600 
skin 195 Waist 0.6200 RThigh 0.3800 
skin 196 Waist 0.3400 RThigh 0.5400 RLeg 0.1200 
skin 197 Waist 0.9900 RThigh 0.0100 
skin 198 Waist 0.9400 RThigh 0.0600 
skin 199 Waist 0.7700 RThigh 0.2300 
skin 200 Waist 0.5500 RThigh 0.4000 RLeg 0.0500 
skin 201 Waist 0.2300 RThigh 0.6000 RLeg 0.1700 
skin 202 Waist 1.0000 
skin 203 Waist 1.0000 
skin 204 Waist 1.0000 
skin 205 Waist 0.9800 RThigh 0.0200 
skin 206 Waist 0.9200 RThigh 0.0800 
skin 207 Waist 0.5100 RThigh 0.3900 RLeg 0.1000 
skin 208 Waist 0.2100 RThigh 0.5700 RLeg 0.2200 
skin 209 Waist 0.7200 RThigh 0.2800 
skin 210 Waist 0.8600 RThigh 0.1400 
skin 211 Waist 1.0000 
skin 212 Waist 1.0000 
skin 213 Waist 1.0000 
skin 214 Waist 0.9700 RThigh 0.0300 
skin 215 Waist 1.0000 
skin 216 Waist 1.0000 
skin 217 Waist 1.0000 
skin 218 Waist 1.0000 
skin 219 Waist 1.0000 
skin 220 Waist 1.0000 
skin 221 Waist 0.9300 RThigh 0.0700 
skin 222 Waist 0.6700 RThigh 0.2900 RLeg 0.0400 
skin 223 Waist 0.8700 RThigh 0.1300 
skin 224 Waist 1.0000 
skin 225 Waist 1.0000 
skin 226 Waist 1.0000 
skin 227 Waist 1.0000 
skin 228 Waist 1.0000 
skin 229 Waist 1.0000 
skin 230 Waist 0.8600 RThigh 0.1400 
skin 231 Waist 0.8400 RThigh 0.1400 RLeg 0.0200 
skin 232 Waist 0.6600 RThigh 0.2700 RLeg 0.0700 
skin 233 Waist 0.8400 RThigh 0.1300 RLeg 0.0300 
skin 234 Waist 1.0000 
skin 235 Waist 1.0000 
skin 236 Waist 1.0000 
skin 237 Waist 0.4900 RThigh 0.3500 RLeg 0.1600 
skin 238 Waist 0.6500 RThigh 0.2500 RLeg 0.1000 
skin 239 Waist 0.4700 RThigh 0.3500 RLeg 0.1800 
skin 240 Waist 0.1800 RThigh 0.5700 RLeg 0.2500 
skin 241 Waist 0.8500 RThigh 0.1200 RLeg 0.0300 
skin 242 Waist 0.6400 RThigh 0.2600 RLeg 0.1000 
skin 243 Waist 0.4500 RThigh 0.3100 RLeg 0.2400 
skin 244 Waist 0.1600 RThigh 0.5900 RLeg 0.2500 
skin 245 Waist 0.8300 RThigh 0.1400 RLeg 0.0300 
skin 246 Waist 0.6300 RThigh 0.2500 RLeg 0.1200 
skin 247 Waist 0.8200 RThigh 0.1400 RLeg 0.0400 
skin 248 Waist 0.5600 RThigh 0.3300 RLeg 0.1100 
skin 249 Waist 0.4300 RThigh 0.3100 RLeg 0.2600 
skin 250 Waist 0.4000 RThigh 0.4200 RLeg 0.1800 
skin 251 Waist 0.1600 RThigh 0.5400 RLeg 0.3000 
skin 252 Waist 0.1600 RThigh 0.5000 RLeg 0.3400 
skin 253 RThigh 0.4000 RLeg 0.3900 RFoot 0.2100 
skin 254 Waist 0.1700 LThigh 0.4300 LLeg 0.4000 
skin 255 Waist 0.1700 LThigh 0.4500 LLeg 0.3800 
skin 256 LThigh 0.4000 LLeg 0.4600 LFoot 0.1400 
skin 257 Waist 0.1200 LThigh 0.4500 LLeg 0.4300 
skin 258 Waist 0.2400 LThigh 0.5100 LLeg 0.2500 
skin 259 Waist 0.1400 LThigh 0.4600 LLeg 0.4000 
skin 260 Waist 0.0900 LThigh 0.4600 LLeg 0.4500 
skin 261 Waist 0.1000 LThigh 0.5100 LLeg 0.3900 
skin 262 Waist 0.2000 LThigh 0.6500 LLeg 0.1500 
skin 263 LThigh 0.4000 LLeg 0.4400 LFoot 0.1600 
skin 264 LThigh 0.4400 LLeg 0.4600 LFoot 0.1000 
skin 265 Waist 0.0700 LThigh 0.4900 LLeg 0.4400 
skin 266 Waist 0.1900 LThigh 0.6600 LLeg 0.1500 
skin 267 Waist 0.1000 LThigh 0.5600 LLeg 0.3400 
skin 268 Waist 0.0800 LThigh 0.5200 LLeg 0.4000 
skin 269 LThigh 0.4200 LLeg 0.4600 LFoot 0.1200 
skin 270 Waist 0.0600 LThigh 0.5000 LLeg 0.4400 
skin 271 Waist 0.0700 LThigh 0.5200 LLeg 0.4100 
skin 272 Waist 0.0900 LThigh 0.5600 LLeg 0.3500 
skin 273 Waist 0.0700 LThigh 0.5200 LLeg 0.4100 
skin 274 LThigh 0.4800 LLeg 0.4500 LFoot 0.0700 
skin 275 Waist 0.1100 LThigh 0.6100 LLeg 0.2800 
skin 276 Waist 0.2700 LThigh 0.6500 LLeg 0.0800 
skin 277 LThigh 0.4600 LLeg 0.4100 LFoot 0.1300 
skin 278 LThigh 0.4500 LLeg 0.4400 LFoot 0.1100 
skin 279 Waist 0.1200 LThigh 0.5100 LLeg 0.3700 
skin 280 Waist 0.0600 LThigh 0.4900 LLeg 0.4500 
skin 281 Waist 0.0700 LThigh 0.5300 LLeg 0.4000 
skin 282 Waist 0.0700 LThigh 0.5000 LLeg 0.4300 
skin 283 Waist 0.1000 LThigh 0.4900 LLeg 0.4100 
skin 284 Waist 0.0900 LThigh 0.5300 LLeg 0.3800 
skin 285 Waist 0.1300 LThigh 0.5300 LLeg 0.3400 
skin 286 Waist 0.1200 LThigh 0.5400 LLeg 0.3400 
skin 287 Waist 0.0800 LThigh 0.5700 LLeg 0.3500 
skin 288 Waist 0.0900 LThigh 0.5600 LLeg 0.3500 
skin 289 Waist 0.1100 LThigh 0.5600 LLeg 0.3300 
skin 290 Waist 0.1500 LThigh 0.5600 LLeg 0.2900 
skin 291 Waist 0.1600 LThigh 0.6100 LLeg 0.2300 
skin 292 Waist 0.1000 LThigh 0.6000 LLeg 0.3000 
skin 293 Waist 0.1000 LThigh 0.6000 LLeg 0.3000 
skin 294 Waist 0.1000 LThigh 0.6100 LLeg 0.2900 
skin 295 Waist 0.1200 LThigh 0.6100 LLeg 0.2700 
skin 296 Waist 0.2400 LThigh 0.5900 LLeg 0.1700 
skin 297 Waist 0.1900 LThigh 0.6000 LLeg 0.2100 
skin 298 Waist 0.3200 LThigh 0.5600 LLeg 0.1200 
skin 299 Waist 0.1800 LThigh 0.6100 LLeg 0.2100 
skin 300 Waist 0.1600 LThigh 0.6200 LLeg 0.2200 
skin 301 Waist 0.2300 LThigh 0.6100 LLeg 0.1600 
skin 302 Waist 0.1600 LThigh 0.6200 LLeg 0.2200 
skin 303 Waist 0.2300 LThigh 0.6300 LLeg 0.1400 
skin 304 Waist 0.3200 LThigh 0.6100 LLeg 0.0700 
skin 305 Waist 0.3200 LThigh 0.6000 LLeg 0.0800 
skin 306 Waist 0.2300 LThigh 0.6300 LLeg 0.1400 
skin 307 Waist 0.3400 LThigh 0.5900 LLeg 0.0700 
skin 308 Waist 0.3400 LThigh 0.5700 LLeg 0.0900 
skin 309 Waist 0.2400 LThigh 0.6100 LLeg 0.1500 
skin 310 Waist 0.2400 LThigh 0.5900 LLeg 0.1700 
skin 311 Waist 0.1700 LThigh 0.6100 LLeg 0.2200 
skin 312 LFoot 1.0000 
skin 313 LLeg 0.0300 LFoot 0.9700 
skin 314 LFoot 1.0000 
skin 315 LLeg 0.0300 LFoot 0.9700 
skin 316 LLeg 0.0600 LFoot 0.9400 
skin 317 LFoot 1.0000 
skin 318 LLeg 0.0300 LFoot 0.9700 
skin 319 LFoot 1.0000 
skin 320 LLeg 0.0600 LFoot 0.9400 
skin 321 LLeg 0.1300 LFoot 0.8700 
skin 322 LLeg 0.0500 LFoot 0.9500 
skin 323 LLeg 0.1200 LFoot 0.8800 
skin 324 LLeg 0.0800 LFoot 0.9200 
skin 325 LLeg 0.0500 LFoot 0.9500 
skin 326 LLeg 0.2500 LFoot 0.7500 
skin 327 LLeg 0.2200 LFoot 0.7800 
skin 328 LLeg 0.4400 LFoot 0.5600 
skin 329 LLeg 0.1400 LFoot 0.8600 
skin 330 LLeg 0.4000 LFoot 0.6000 
skin 331 LLeg 0.0800 LFoot 0.9200 
skin 332 LLeg 0.2000 LFoot 0.8000 
skin 333 LFoot 1.0000 
skin 334 LLeg 0.1000 LFoot 0.9000 
skin 335 LFoot 1.0000 
skin 336 LFoot 1.0000 
skin 337 LLeg 0.4000 LFoot 0.6000 
skin 338 LLeg 0.2100 LFoot 0.7900 
skin 339 LLeg 0.1000 LFoot 0.9000 
skin 340 LLeg 0.7500 LFoot 0.2500 
skin 341 LLeg 0.7500 LFoot 0.2500 
skin 342 LLeg 0.7500 LFoot 0.2500 
skin 343 LLeg 0.2200 LFoot 0.7300 LToe 0.0500 
skin 344 LLeg 0.4400 LFoot 0.5500 LToe 0.0100 
skin 345 LLeg 0.7500 LFoot 0.2500 
skin 346 LLeg 0.2500 LFoot 0.7000 LToe 0.0500 
skin 347 LLeg 0.1400 LFoot 0.8100 LToe 0.0500 
skin 348 LLeg 0.0700 LFoot 0.5100 LToe 0.4200 
skin 349 LLeg 0.0900 LFoot 0.5900 LToe 0.3200 
skin 350 LLeg 0.0700 LFoot 0.8800 LToe 0.0500 
skin 351 LLeg 0.0600 LFoot 0.5200 LToe 0.4200 
skin 352 LFoot 0.9500 LToe 0.0500 
skin 353 LLeg 0.0300 LFoot 0.5500 LToe 0.4200 
skin 354 LFoot 0.5800 LToe 0.4200 
skin 355 LFoot 0.3500 LToe 0.6500 
skin 356 LFoot 0.3600 LToe 0.6400 
skin 357 LFoot 0.1700 LToe 0.8300 
skin 358 LFoot 0.1700 LToe 0.8300 
skin 359 LFoot 0.1700 LToe 0.8300 
skin 360 LToe 1.0000 
skin 361 LFoot 0.1700 LToe 0.8300 
skin 362 LToe 1.0000 
skin 363 LToe 1.0000 
skin 364 LFoot 0.1700 LToe 0.8300 
skin 365 LToe 1.0000 
skin 366 LFoot 0.0700 LToe 0.9300 
skin 367 LToe 1.0000 
skin 368 LToe 1.0000 
skin 369 LToe 1.0000 
skin 370 LToe 1.0000 
skin 371 LToe 1.0000 
skin 372 LToe 1.0000 
skin 373 LToe 1.0000 
skin 374 LToe 1.0000 
skin 375 LToe 1.0000 
skin 376 LToe 1.0000 
skin 377 LFoot 1.0000 
skin 378 LLeg 0.0300 LFoot 0.9700 
skin 379 LFoot 1.0000 
skin 380 LLeg 0.0600 LFoot 0.9400 
skin 381 LLeg 0.0300 LFoot 0.9700 
skin 382 LFoot 1.0000 
skin 383 LLeg 0.0500 LFoot 0.9500 
skin 384 LLeg 0.1200 LFoot 0.8800 
skin 385 LLeg 0.0800 LFoot 0.9200 
skin 386 LLeg 0.0500 LFoot 0.9500 
skin 387 LLeg 0.2200 LFoot 0.7800 
skin 388 LLeg 0.1400 LFoot 0.8600 
skin 389 LLeg 0.4000 LFoot 0.6000 
skin 390 LLeg 0.0800 LFoot 0.9200 
skin 391 LLeg 0.2000 LFoot 0.8000 
skin 392 LFoot 1.0000 
skin 393 LLeg 0.1000 LFoot 0.9000 
skin 394 LFoot 1.0000 
skin 395 LFoot 1.0000 
skin 396 LLeg 0.4000 LFoot 0.6000 
skin 397 LLeg 0.2100 LFoot 0.7900 
skin 398 LLeg 0.1000 LFoot 0.9000 
skin 399 LLeg 0.7500 LFoot 0.2500 
skin 400 LLeg 0.7500 LFoot 0.2500 
skin 401 LLeg 0.0700 LFoot 0.8800 LToe 0.0500 
skin 402 LFoot 0.9500 LToe 0.0500 
skin 403 LLeg 0.1400 LFoot 0.8100 LToe 0.0500 
skin 404 LLeg 0.2200 LFoot 0.7300 LToe 0.0500 
skin 405 LLeg 0.0600 LFoot 0.5200 LToe 0.4200 
skin 406 LLeg 0.0500 LFoot 0.5300 LToe 0.4200 
skin 407 LLeg 0.0300 LFoot 0.5500 LToe 0.4200 
skin 408 LFoot 0.5800 LToe 0.4200 
skin 409 LFoot 0.3500 LToe 0.6500 
skin 410 LFoot 0.1700 LToe 0.8300 
skin 411 LFoot 0.1700 LToe 0.8300 
skin 412 LFoot 0.1700 LToe 0.8300 
skin 413 LToe 1.0000 
skin 414 LToe 1.0000 
skin 415 LFoot 0.1700 LToe 0.8300 
skin 416 LToe 1.0000 
skin 417 LFoot 0.0700 LToe 0.9300 
skin 418 LToe 1.0000 
skin 419 LToe 1.0000 
skin 420 LToe 1.0000 
skin 421 LToe 1.0000 
skin 422 LToe 1.0000 
skin 423 LToe 1.0000 
skin 424 LToe 1.0000 
skin 425 LToe 1.0000 
skin 426 LToe 1.0000 
skin 427 LToe 1.0000 
skin 428 LToe 1.0000 
skin 429 LToe 1.0000 
skin 430 LToe 1.0000 
skin 431 LToe 1.0000 
skin 432 LToe 1.0000 
skin 433 LToe 1.0000 
skin 434 LToe 1.0000 
skin 435 LToe 1.0000 
skin 436 LToe 1.0000 
skin 437 LToe 1.0000 
skin 438 LToe 1.0000 
skin 439 LToe 1.0000 
skin 440 LToe 1.0000 
skin 441 LToe 1.0000 
skin 442 LToe 1.0000 
skin 443 LToe 1.0000 
skin 444 LToe 1.0000 
skin 445 LToe 1.0000 
skin 446 LToe 1.0000 
skin 447 LToe 1.0000 
skin 448 LToe 1.0000 
skin 449 LToe 1.0000 
skin 450 LToe 1.0000 
skin 451 LToe 1.0000 
skin 452 LToe 1.0000 
skin 453 LToe 1.0000 
skin 454 LToe 1.0000 
skin 455 LToe 1.0000 
skin 456 LToe 1.0000 
skin 457 LToe 1.0000 
skin 458 LToe 1.0000 
skin 459 Waist 0.1700 RThigh 0.4500 RLeg 0.3800 
skin 460 Waist 0.1700 RThigh 0.4300 RLeg 0.4000 
skin 461 RThigh 0.4000 RLeg 0.4600 RFoot 0.1400 
skin 462 Waist 0.1200 RThigh 0.4500 RLeg 0.4300 
skin 463 Waist 0.2400 RThigh 0.5100 RLeg 0.2500 
skin 464 Waist 0.1400 RThigh 0.4600 RLeg 0.4000 
skin 465 Waist 0.0900 RThigh 0.4600 RLeg 0.4500 
skin 466 Waist 0.1000 RThigh 0.5100 RLeg 0.3900 
skin 467 Waist 0.2000 RThigh 0.6500 RLeg 0.1500 
skin 468 RThigh 0.4000 RLeg 0.4400 RFoot 0.1600 
skin 469 RThigh 0.4400 RLeg 0.4600 RFoot 0.1000 
skin 470 Waist 0.0700 RThigh 0.4900 RLeg 0.4400 
skin 471 Waist 0.1900 RThigh 0.6600 RLeg 0.1500 
skin 472 Waist 0.1000 RThigh 0.5600 RLeg 0.3400 
skin 473 Waist 0.0800 RThigh 0.5200 RLeg 0.4000 
skin 474 RThigh 0.4200 RLeg 0.4600 RFoot 0.1200 
skin 475 Waist 0.0600 RThigh 0.5000 RLeg 0.4400 
skin 476 Waist 0.0700 RThigh 0.5200 RLeg 0.4100 
skin 477 Waist 0.0900 RThigh 0.5600 RLeg 0.3500 
skin 478 Waist 0.0700 RThigh 0.5200 RLeg 0.4100 
skin 479 RThigh 0.4800 RLeg 0.4500 RFoot 0.0700 
skin 480 Waist 0.1100 RThigh 0.6100 RLeg 0.2800 
skin 481 Waist 0.2700 RThigh 0.6500 RLeg 0.0800 
skin 482 RThigh 0.4600 RLeg 0.4100 RFoot 0.1300 
skin 483 RThigh 0.4500 RLeg 0.4400 RFoot 0.1100 
skin 484 Waist 0.1200 RThigh 0.5100 RLeg 0.3700 
skin 485 Waist 0.0600 RThigh 0.4900 RLeg 0.4500 
skin 486 Waist 0.0700 RThigh 0.5300 RLeg 0.4000 
skin 487 Waist 0.0700 RThigh 0.5000 RLeg 0.4300 
skin 488 Waist 0.1000 RThigh 0.4900 RLeg 0.4100 
skin 489 Waist 0.0900 RThigh 0.5300 RLeg 0.3800 
skin 490 Waist 0.1300 RThigh 0.5300 RLeg 0.3400 
skin 491 Waist 0.1200 RThigh 0.5400 RLeg 0.3400 
skin 492 Waist 0.0800 RThigh 0.5700 RLeg 0.3500 
skin 493 Waist 0.0900 RThigh 0.5600 RLeg 0.3500 
skin 494 Waist 0.1100 RThigh 0.5600 RLeg 0.3300 
skin 495 Waist 0.1500 RThigh 0.5600 RLeg 0.2900 
skin 496 Waist 0.1600 RThigh 0.6100 RLeg 0.2300 
skin 497 Waist 0.1000 RThigh 0.6000 RLeg 0.3000 
skin 498 Waist 0.1000 RThigh 0.6000 RLeg 0.3000 
skin 499 Waist 0.1000 RThigh 0.6100 RLeg 0.2900 
skin 500 Waist 0.1200 RThigh 0.6100 RLeg 0.2700 
skin 501 Waist 0.2400 RThigh 0.5900 RLeg 0.1700 
skin 502 Waist 0.1900 RThigh 0.6000 RLeg 0.2100 
skin 503 Waist 0.3200 RThigh 0.5600 RLeg 0.1200 
skin 504 Waist 0.1800 RThigh 0.6100 RLeg 0.2100 
skin 505 Waist 0.1600 RThigh 0.6200 RLeg 0.2200 
skin 506 Waist 0.2300 RThigh 0.6100 RLeg 0.1600 
skin 507 Waist 0.1600 RThigh 0.6200 RLeg 0.2200 
skin 508 Waist 0.2300 RThigh 0.6300 RLeg 0.1400 
skin 509 Waist 0.3200 RThigh 0.6100 RLeg 0.0700 
skin 510 Waist 0.3200 RThigh 0.6000 RLeg 0.0800 
skin 511 Waist 0.2300 RThigh 0.6300 RLeg 0.1400 
skin 512 Waist 0.3400 RThigh 0.5900 RLeg 0.0700 
skin 513 Waist 0.3400 RThigh 0.5700 RLeg 0.0900 
skin 514 Waist 0.2400 RThigh 0.6100 RLeg 0.1500 
skin 515 Waist 0.2400 RThigh 0.5900 RLeg 0.1700 
skin 516 Waist 0.1700 RThigh 0.6100 RLeg 0.2200 
skin 517 RFoot 1.0000 
skin 518 RFoot 1.0000 
skin 519 RLeg 0.0300 RFoot 0.9700 
skin 520 RLeg 0.0300 RFoot 0.9700 
skin 521 RFoot 1.0000 
skin 522 RLeg 0.0600 RFoot 0.9400 
skin 523 RLeg 0.0600 RFoot 0.9400 
skin 524 RLeg 0.1300 RFoot 0.8700 
skin 525 RLeg 0.0300 RFoot 0.9700 
skin 526 RFoot 1.0000 
skin 527 RLeg 0.0500 RFoot 0.9500 
skin 528 RLeg 0.1200 RFoot 0.8800 
skin 529 RLeg 0.0800 RFoot 0.9200 
skin 530 RLeg 0.0500 RFoot 0.9500 
skin 531 RLeg 0.2500 RFoot 0.7500 
skin 532 RLeg 0.2200 RFoot 0.7800 
skin 533 RLeg 0.4400 RFoot 0.5600 
skin 534 RLeg 0.1400 RFoot 0.8600 
skin 535 RLeg 0.4000 RFoot 0.6000 
skin 536 RLeg 0.0800 RFoot 0.9200 
skin 537 RLeg 0.2000 RFoot 0.8000 
skin 538 RFoot 1.0000 
skin 539 RLeg 0.1000 RFoot 0.9000 
skin 540 RFoot 1.0000 
skin 541 RFoot 1.0000 
skin 542 RLeg 0.4000 RFoot 0.6000 
skin 543 RLeg 0.2100 RFoot 0.7900 
skin 544 RLeg 0.1000 RFoot 0.9000 
skin 545 RLeg 0.7500 RFoot 0.2500 
skin 546 RLeg 0.7500 RFoot 0.2500 
skin 547 RLeg 0.7500 RFoot 0.2500 
skin 548 RLeg 0.0700 RFoot 0.8800 RToe 0.0500 
skin 549 RFoot 0.9500 RToe 0.0500 
skin 550 RLeg 0.1400 RFoot 0.8100 RToe 0.0500 
skin 551 RLeg 0.2200 RFoot 0.7300 RToe 0.0500 
skin 552 RLeg 0.4400 RFoot 0.5500 RToe 0.0100 
skin 553 RLeg 0.7500 RFoot 0.2500 
skin 554 RLeg 0.2500 RFoot 0.7000 RToe 0.0500 
skin 555 RLeg 0.0700 RFoot 0.5100 RToe 0.4200 
skin 556 RLeg 0.0900 RFoot 0.5900 RToe 0.3200 
skin 557 RLeg 0.0600 RFoot 0.5200 RToe 0.4200 
skin 558 RLeg 0.0300 RFoot 0.5500 RToe 0.4200 
skin 559 RFoot 0.5800 RToe 0.4200 
skin 560 RFoot 0.3500 RToe 0.6500 
skin 561 RFoot 0.3600 RToe 0.6400 
skin 562 RFoot 0.1700 RToe 0.8300 
skin 563 RFoot 0.1700 RToe 0.8300 
skin 564 RFoot 0.1700 RToe 0.8300 
skin 565 RToe 1.0000 
skin 566 RFoot 0.1700 RToe 0.8300 
skin 567 RToe 1.0000 
skin 568 RToe 1.0000 
skin 569 RFoot 0.1700 RToe 0.8300 
skin 570 RToe 1.0000 
skin 571 RFoot 0.0700 RToe 0.9300 
skin 572 RToe 1.0000 
skin 573 RToe 1.0000 
skin 574 RToe 1.0000 
skin 575 RToe 1.0000 
skin 576 RToe 1.0000 
skin 577 RToe 1.0000 
skin 578 RToe 1.0000 
skin 579 RToe 1.0000 
skin 580 RToe 1.0000 
skin 581 RToe 1.0000 
skin 582 RFoot 1.0000 
skin 583 RLeg 0.0300 RFoot 0.9700 
skin 584 RFoot 1.0000 
skin 585 RLeg 0.0300 RFoot 0.9700 
skin 586 RFoot 1.0000 
skin 587 RLeg 0.0600 RFoot 0.9400 
skin 588 RLeg 0.0500 RFoot 0.9500 
skin 589 RLeg 0.1200 RFoot 0.8800 
skin 590 RLeg 0.0800 RFoot 0.9200 
skin 591 RLeg 0.0500 RFoot 0.9500 
skin 592 RLeg 0.2200 RFoot 0.7800 
skin 593 RLeg 0.1400 RFoot 0.8600 
skin 594 RLeg 0.4000 RFoot 0.6000 
skin 595 RLeg 0.0800 RFoot 0.9200 
skin 596 RLeg 0.2000 RFoot 0.8000 
skin 597 RFoot 1.0000 
skin 598 RLeg 0.1000 RFoot 0.9000 
skin 599 RFoot 1.0000 
skin 600 RFoot 1.0000 
skin 601 RLeg 0.4000 RFoot 0.6000 
skin 602 RLeg 0.2100 RFoot 0.7900 
skin 603 RLeg 0.1000 RFoot 0.9000 
skin 604 RLeg 0.7500 RFoot 0.2500 
skin 605 RLeg 0.7500 RFoot 0.2500 
skin 606 RLeg 0.2200 RFoot 0.7300 RToe 0.0500 
skin 607 RLeg 0.1400 RFoot 0.8100 RToe 0.0500 
skin 608 RLeg 0.0600 RFoot 0.5200 RToe 0.4200 
skin 609 RLeg 0.0700 RFoot 0.8800 RToe 0.0500 
skin 610 RLeg 0.0500 RFoot 0.5300 RToe 0.4200 
skin 611 RFoot 0.9500 RToe 0.0500 
skin 612 RLeg 0.0300 RFoot 0.5500 RToe 0.4200 
skin 613 RFoot 0.5800 RToe 0.4200 
skin 614 RFoot 0.3500 RToe 0.6500 
skin 615 RFoot 0.1700 RToe 0.8300 
skin 616 RFoot 0.1700 RToe 0.8300 
skin 617 RFoot 0.1700 RToe 0.8300 
skin 618 RToe 1.0000 
skin 619 RToe 1.0000 
skin 620 RFoot 0.1700 RToe 0.8300 
skin 621 RToe 1.0000 
skin 622 RFoot 0.0700 RToe 0.9300 
skin 623 RToe 1.0000 
skin 624 RToe 1.0000 
skin 625 RToe 1.0000 
skin 626 RToe 1.0000 
skin 627 RToe 1.0000 
skin 628 RToe 1.0000 
skin 629 RToe 1.0000 
skin 630 RToe 1.0000 
skin 631 RToe 1.0000 
skin 632 RToe 1.0000 
skin 633 RToe 1.0000 
skin 634 RToe 1.0000 
skin 635 RToe 1.0000 
skin 636 RToe 1.0000 
skin 637 RToe 1.0000 
skin 638 RToe 1.0000 
skin 639 RToe 1.0000 
skin 640 RToe 1.0000 
skin 641 RToe 1.0000 
skin 642 RToe 1.0000 
skin 643 RToe 1.0000 
skin 644 RToe 1.0000 
skin 645 RToe 1.0000 
skin 646 RToe 1.0000 
skin 647 RToe 1.0000 
skin 648 RToe 1.0000 
skin 649 RToe 1.0000 
skin 650 RToe 1.0000 
skin 651 RToe 1.0000 
skin 652 RToe 1.0000 
skin 653 RToe 1.0000 
skin 654 RToe 1.0000 
skin 655 RToe 1.0000 
skin 656 RToe 1.0000 
skin 657 RToe 1.0000 
skin 658 RToe 1.0000 
skin 659 RToe 1.0000 
skin 660 RToe 1.0000 
skin 661 RToe 1.0000 
skin 662 RToe 1.0000 
skin 663 RToe 1.0000 
skin 664 LFoot 1.0000 
skin 665 LFoot 1.0000 
skin 666 LFoot 1.0000 
skin 667 LFoot 1.0000 
skin 668 LFoot 1.0000 
skin 669 LFoot 1.0000 
skin 670 LFoot 1.0000 
skin 671 LFoot 1.0000 
skin 672 LFoot 1.0000 
skin 673 LFoot 1.0000 
skin 674 LFoot 1.0000 
skin 675 LFoot 1.0000 
skin 676 LFoot 0.9500 LToe 0.0500 
skin 677 LFoot 0.9500 LToe 0.0500 
skin 678 LFoot 0.9500 LToe 0.0500 
skin 679 LFoot 0.8000 LToe 0.2000 
skin 680 LFoot 0.8000 LToe 0.2000 
skin 681 LFoot 0.8000 LToe 0.2000 
skin 682 LFoot 0.0700 LToe 0.9300 
skin 683 LFoot 0.2200 LToe 0.7800 
skin 684 LFoot 0.0700 LToe 0.9300 
skin 685 LFoot 0.0700 LToe 0.9300 
skin 686 LFoot 0.2200 LToe 0.7800 
skin 687 LFoot 0.2200 LToe 0.7800 
skin 688 LFoot 0.0700 LToe 0.9300 
skin 689 LFoot 0.0700 LToe 0.9300 
skin 690 RFoot 1.0000 
skin 691 RFoot 1.0000 
skin 692 RFoot 1.0000 
skin 693 RFoot 1.0000 
skin 694 RFoot 1.0000 
skin 695 RFoot 1.0000 
skin 696 RFoot 1.0000 
skin 697 RFoot 1.0000 
skin 698 RFoot 1.0000 
skin 699 RFoot 1.0000 
skin 700 RFoot 1.0000 
skin 701 RFoot 1.0000 
skin 702 RFoot 0.9500 RToe 0.0500 
skin 703 RFoot 0.9500 RToe 0.0500 
skin 704 RFoot 0.9500 RToe 0.0500 
skin 705 RFoot 0.8000 RToe 0.2000 
skin 706 RFoot 0.8000 RToe 0.2000 
skin 707 RFoot 0.8000 RToe 0.2000 
skin 708 RFoot 0.0700 RToe 0.9300 
skin 709 RFoot 0.2200 RToe 0.7800 
skin 710 RFoot 0.0700 RToe 0.9300 
skin 711 RFoot 0.0700 RToe 0.9300 
skin 712 RFoot 0.2200 RToe 0.7800 
skin 713 RFoot 0.2200 RToe 0.7800 
skin 714 RFoot 0.0700 RToe 0.9300 
skin 715 RFoot 0.0700 RToe 0.9300 
skin 716 Spine2 0.6700 Head 0.0500 LShoulder 0.2000 LArm 0.0800 
skin 717 Spine2 0.8600 Head 0.0700 RArm 0.0700 
skin 718 Waist 0.0100 Spine2 0.9500 RArm 0.0400 
skin 719 Spine2 0.7400 Head 0.2300 RArm 0.0300 
skin 720 Waist 0.0100 Spine2 0.7500 LShoulder 0.1600 LArm 0.0800 
skin 721 Spine2 0.6100 Head 0.2300 LShoulder 0.0900 LArm 0.0700 
skin 722 Spine2 0.3700 LShoulder 0.4600 LArm 0.1700 
skin 723 Spine2 0.2300 Head 0.0600 LShoulder 0.5400 LArm 0.1700 
skin 724 Waist 0.0300 Spine2 0.9700 
skin 725 Spine2 0.6600 Head 0.3400 
skin 726 Spine2 0.4700 LShoulder 0.3000 LArm 0.2300 
skin 727 Spine2 0.2700 Head 0.2700 LShoulder 0.3800 LArm 0.0800 
skin 728 Spine2 0.2200 Head 0.0500 LShoulder 0.3800 LArm 0.3500 
skin 729 Waist 0.0300 Spine2 0.8200 LShoulder 0.0600 LArm 0.0900 
skin 730 Waist 0.1600 Spine2 0.8400 
skin 731 Spine2 0.6000 Head 0.3300 LShoulder 0.0700 
skin 732 Spine2 0.2200 Head 0.2000 LShoulder 0.4500 LArm 0.1300 
skin 733 Spine2 0.1400 Head 0.0500 LShoulder 0.5000 LArm 0.3100 
skin 734 Waist 0.1700 Spine2 0.7900 LArm 0.0400 
skin 735 Spine2 0.4500 LShoulder 0.3300 LArm 0.2200 
skin 736 Spine2 0.4400 Head 0.3600 LShoulder 0.2000 
skin 737 Spine2 0.2600 Head 0.0500 LShoulder 0.6100 LArm 0.0800 
skin 738 Spine2 0.1600 Head 0.0100 LShoulder 0.6100 LArm 0.2200 
skin 739 Spine2 0.3300 LShoulder 0.4700 LArm 0.2000 
skin 740 Spine2 0.3400 Head 0.3700 LShoulder 0.2900 
skin 741 Waist 0.0100 Spine2 0.1800 LShoulder 0.6200 LArm 0.1900 
skin 742 Waist 0.0100 Spine2 0.4000 Head 0.3800 LShoulder 0.2100 
skin 743 Waist 0.0700 Spine2 0.2400 LShoulder 0.6200 LArm 0.0700 
skin 744 Waist 0.0200 Spine2 0.1700 LShoulder 0.6200 LArm 0.1900 
skin 745 Waist 0.0900 Spine2 0.6000 Head 0.1300 LShoulder 0.1800 
skin 746 Waist 0.0300 Spine2 0.5800 Head 0.3200 LShoulder 0.0700 
skin 747 Waist 0.1000 Spine2 0.1700 LShoulder 0.6600 LArm 0.0700 
skin 748 Waist 0.0200 Spine2 0.1300 LShoulder 0.6900 LArm 0.1600 
skin 749 Spine2 0.2100 LShoulder 0.5800 LArm 0.2100 
skin 750 Waist 0.0400 Spine2 0.6000 Head 0.3600 
skin 751 Waist 0.2700 Spine2 0.3600 LShoulder 0.3700 
skin 752 Waist 0.1800 Spine2 0.6700 Head 0.1500 
skin 753 Waist 0.0600 Spine2 0.5700 Head 0.3700 
skin 754 Waist 0.4000 Spine2 0.5900 LShoulder 0.0100 
skin 755 Waist 0.2200 Spine2 0.6300 Head 0.1500 
skin 756 Waist 0.0400 Spine2 0.5900 Head 0.3700 
skin 757 Waist 0.4500 Spine2 0.5500 
skin 758 Waist 0.2300 Spine2 0.6300 Head 0.1400 
skin 759 Waist 0.0600 Spine2 0.5700 Head 0.3700 
skin 760 Waist 0.4600 Spine2 0.5300 Head 0.0100 
skin 761 Waist 0.2200 Spine2 0.6400 Head 0.1400 
skin 762 Waist 0.0600 Spine2 0.5700 Head 0.3700 
skin 763 Waist 0.4900 Spine2 0.4900 Head 0.0200 
skin 764 Waist 0.2400 Spine2 0.6200 Head 0.1400 
skin 765 Waist 0.0600 Spine2 0.5700 Head 0.3700 
skin 766 Waist 0.4800 Spine2 0.5000 Head 0.0200 
skin 767 Waist 0.2300 Spine2 0.6300 Head 0.1400 
skin 768 Waist 0.0600 Spine2 0.5700 Head 0.3700 
skin 769 Waist 0.4700 Spine2 0.5100 Head 0.0200 
skin 770 Waist 0.2400 Spine2 0.6200 Head 0.1400 
skin 771 Waist 0.4700 Spine2 0.5100 Head 0.0200 
skin 772 Spine2 0.1000 LShoulder 0.1900 LArm 0.6300 LForeArm 0.0800 
skin 773 Spine2 0.0700 LShoulder 0.2000 LArm 0.6500 LForeArm 0.0800 
skin 774 Spine2 0.0100 LShoulder 0.0900 LArm 0.7000 LForeArm 0.2000 
skin 775 Spine2 0.0100 LShoulder 0.0900 LArm 0.7000 LForeArm 0.2000 
skin 776 Spine2 0.1200 LShoulder 0.1500 LArm 0.6500 LForeArm 0.0800 
skin 777 Spine2 0.0100 LShoulder 0.0900 LArm 0.7000 LForeArm 0.2000 
skin 778 Spine2 0.0700 LShoulder 0.1900 LArm 0.6600 LForeArm 0.0800 
skin 779 Spine2 0.0100 LShoulder 0.0900 LArm 0.7000 LForeArm 0.2000 
skin 780 LShoulder 0.0400 LArm 0.5700 LForeArm 0.3900 
skin 781 LShoulder 0.0400 LArm 0.5600 LForeArm 0.4000 
skin 782 Spine2 0.0700 LShoulder 0.2100 LArm 0.6400 LForeArm 0.0800 
skin 783 LShoulder 0.0400 LArm 0.5600 LForeArm 0.4000 
skin 784 Spine2 0.0100 LShoulder 0.0900 LArm 0.7000 LForeArm 0.2000 
skin 785 LShoulder 0.0400 LArm 0.5700 LForeArm 0.3900 
skin 786 LShoulder 0.0400 LArm 0.5700 LForeArm 0.3900 
skin 787 Spine2 0.1600 LShoulder 0.1100 LArm 0.6500 LForeArm 0.0800 
skin 788 Spine2 0.0100 LShoulder 0.0900 LArm 0.7000 LForeArm 0.2000 
skin 789 Spine2 0.0700 LShoulder 0.1900 LArm 0.6600 LForeArm 0.0800 
skin 790 LShoulder 0.0400 LArm 0.5700 LForeArm 0.3900 
skin 791 LArm 0.3100 LForeArm 0.6400 LHand 0.0300 LFinger 0.0200 
skin 792 LArm 0.3000 LForeArm 0.6500 LHand 0.0300 LFinger 0.0200 
skin 793 LArm 0.3000 LForeArm 0.6300 LHand 0.0500 LFinger 0.0200 
skin 794 LShoulder 0.0400 LArm 0.5800 LForeArm 0.3800 
skin 795 LArm 0.3000 LForeArm 0.6500 LHand 0.0300 LFinger 0.0200 
skin 796 LArm 0.3000 LForeArm 0.6500 LHand 0.0300 LFinger 0.0200 
skin 797 Spine2 0.0100 LShoulder 0.0900 LArm 0.7000 LForeArm 0.2000 
skin 798 Spine2 0.0700 LShoulder 0.2200 LArm 0.6300 LForeArm 0.0800 
skin 799 LArm 0.1600 LForeArm 0.6000 LHand 0.2000 LFinger 0.0400 
skin 800 LArm 0.1200 LForeArm 0.5900 LHand 0.2000 LFinger 0.0900 
skin 801 LArm 0.3100 LForeArm 0.6600 LHand 0.0300 
skin 802 LArm 0.1200 LForeArm 0.5900 LHand 0.2000 LFinger 0.0900 
skin 803 LArm 0.1300 LForeArm 0.6000 LHand 0.1800 LFinger 0.0900 
skin 804 Spine2 0.0100 LShoulder 0.0900 LArm 0.7000 LForeArm 0.2000 
skin 805 LArm 0.3200 LForeArm 0.6500 LHand 0.0300 
skin 806 LShoulder 0.0400 LArm 0.5800 LForeArm 0.3800 
skin 807 LArm 0.0900 LForeArm 0.7000 LHand 0.1700 LFinger 0.0400 
skin 808 LArm 0.1700 LForeArm 0.6300 LHand 0.2000 
skin 809 LArm 0.0300 LForeArm 0.1500 LHand 0.4900 LFinger 0.3300 
skin 810 LArm 0.0500 LForeArm 0.2000 LHand 0.4200 LFinger 0.3300 
skin 811 Spine2 0.0100 LShoulder 0.0900 LArm 0.7000 LForeArm 0.2000 
skin 812 LArm 0.3200 LForeArm 0.6500 LHand 0.0300 
skin 813 LShoulder 0.0400 LArm 0.5800 LForeArm 0.3800 
skin 814 LArm 0.0300 LForeArm 0.1600 LHand 0.5800 LFinger 0.2300 
skin 815 LArm 0.2400 LForeArm 0.5200 LHand 0.2400 
skin 816 Spine2 0.0700 LShoulder 0.2500 LArm 0.6000 LForeArm 0.0800 
skin 817 LArm 0.0500 LForeArm 0.2100 LHand 0.5200 LFinger 0.2200 
skin 818 LArm 0.0700 LForeArm 0.2700 LHand 0.6600 
skin 819 LArm 0.0400 LForeArm 0.2200 LHand 0.5300 LFinger 0.2100 
skin 820 LArm 0.3200 LForeArm 0.6500 LHand 0.0300 
skin 821 Spine2 0.0100 LShoulder 0.0900 LArm 0.7000 LForeArm 0.2000 
skin 822 LShoulder 0.0400 LArm 0.5800 LForeArm 0.3800 
skin 823 LArm 0.0700 LForeArm 0.2700 LHand 0.6600 
skin 824 LArm 0.2300 LForeArm 0.4700 LHand 0.3000 
skin 825 LFinger 1.0000 
skin 826 LForeArm 0.1100 LHand 0.8900 
skin 827 LForeArm 0.1100 LHand 0.8900 
skin 828 LForeArm 0.1000 LFinger 0.9000 
skin 829 LForeArm 0.1000 LFinger 0.9000 
skin 830 Spine2 0.0700 LShoulder 0.2900 LArm 0.5600 LForeArm 0.0800 
skin 831 LArm 0.3200 LForeArm 0.6500 LHand 0.0300 
skin 832 Spine2 0.0100 LShoulder 0.0900 LArm 0.7000 LForeArm 0.2000 
skin 833 LShoulder 0.0400 LArm 0.5800 LForeArm 0.3800 
skin 834 LArm 0.0700 LForeArm 0.2700 LHand 0.6600 
skin 835 LArm 0.1700 LForeArm 0.5700 LHand 0.2600 
skin 836 LHand 0.1000 LFinger 0.9000 
skin 837 LForeArm 0.1100 LHand 0.8900 
skin 838 LHand 0.5000 LFinger 0.5000 
skin 839 LForeArm 0.0700 LHand 0.5300 LFinger 0.4000 
skin 840 LHand 0.9400 LFinger 0.0600 
skin 841 Spine2 0.0900 LShoulder 0.2600 LArm 0.5700 LForeArm 0.0800 
skin 842 LArm 0.3100 LForeArm 0.6300 LHand 0.0600 
skin 843 Spine2 0.0100 LShoulder 0.0900 LArm 0.7000 LForeArm 0.2000 
skin 844 LShoulder 0.0400 LArm 0.5800 LForeArm 0.3800 
skin 845 LArm 0.0700 LForeArm 0.2700 LHand 0.6600 
skin 846 LArm 0.1400 LForeArm 0.5300 LHand 0.3300 
skin 847 LHand 0.9400 LFinger 0.0600 
skin 848 LHand 0.1000 LFinger 0.9000 
skin 849 LHand 0.1000 LFinger 0.9000 
skin 850 LHand 0.4600 LFinger 0.5400 
skin 851 Spine2 0.1300 LShoulder 0.2100 LArm 0.5800 LForeArm 0.0800 
skin 852 LArm 0.3200 LForeArm 0.6500 LHand 0.0300 
skin 853 LForeArm 0.1100 LHand 0.8900 
skin 854 LArm 0.1400 LForeArm 0.4900 LHand 0.3700 
skin 855 LArm 0.0700 LForeArm 0.2700 LHand 0.6600 
skin 856 LHand 0.1000 LFinger 0.9000 
skin 857 LHand 1.0000 
skin 858 LForeArm 0.1100 LHand 0.8900 
skin 859 LArm 0.1600 LForeArm 0.5300 LHand 0.3100 
skin 860 LArm 0.0700 LForeArm 0.2700 LHand 0.6600 
skin 861 LHand 1.0000 
skin 862 LForeArm 0.1100 LHand 0.8900 
skin 863 LArm 0.0700 LForeArm 0.2700 LHand 0.6600 
skin 864 LHand 1.0000 
skin 865 LForeArm 0.1100 LHand 0.8900 
skin 866 LForeArm 0.1100 LHand 0.8900 
skin 867 LHand 1.0000 
skin 868 LHand 1.0000 
skin 869 Spine2 0.6700 Head 0.0500 RShoulder 0.2000 RArm 0.0800 
skin 870 Waist 0.0100 Spine2 0.7500 RShoulder 0.1600 RArm 0.0800 
skin 871 Spine2 0.3700 RShoulder 0.4600 RArm 0.1700 
skin 872 Spine2 0.6100 Head 0.2300 RShoulder 0.0900 RArm 0.0700 
skin 873 Spine2 0.2300 Head 0.0600 RShoulder 0.5400 RArm 0.1700 
skin 874 Spine2 0.4700 RShoulder 0.3000 RArm 0.2300 
skin 875 Spine2 0.2700 Head 0.2700 RShoulder 0.3800 RArm 0.0800 
skin 876 Spine2 0.2200 Head 0.0500 RShoulder 0.3800 RArm 0.3500 
skin 877 Waist 0.0300 Spine2 0.8200 RShoulder 0.0600 RArm 0.0900 
skin 878 Spine2 0.6000 Head 0.3300 RShoulder 0.0700 
skin 879 Spine2 0.2200 Head 0.2000 RShoulder 0.4500 RArm 0.1300 
skin 880 Spine2 0.1400 Head 0.0500 RShoulder 0.5000 RArm 0.3100 
skin 881 Waist 0.1700 Spine2 0.7900 RArm 0.0400 
skin 882 Spine2 0.4500 RShoulder 0.3300 RArm 0.2200 
skin 883 Spine2 0.4400 Head 0.3600 RShoulder 0.2000 
skin 884 Spine2 0.2600 Head 0.0500 RShoulder 0.6100 RArm 0.0800 
skin 885 Spine2 0.3400 Head 0.3700 RShoulder 0.2900 
skin 886 Waist 0.0100 Spine2 0.4000 Head 0.3800 RShoulder 0.2100 
skin 887 Spine2 0.3300 RShoulder 0.4700 RArm 0.2000 
skin 888 Spine2 0.1600 Head 0.0100 RShoulder 0.6100 RArm 0.2200 
skin 889 Waist 0.0900 Spine2 0.6000 Head 0.1300 RShoulder 0.1800 
skin 890 Waist 0.0300 Spine2 0.5800 Head 0.3200 RShoulder 0.0700 
skin 891 Spine2 0.2100 RShoulder 0.5800 RArm 0.2100 
skin 892 Waist 0.0100 Spine2 0.1800 RShoulder 0.6200 RArm 0.1900 
skin 893 Waist 0.0400 Spine2 0.6000 Head 0.3600 
skin 894 Waist 0.0200 Spine2 0.1300 RShoulder 0.6900 RArm 0.1600 
skin 895 Waist 0.0700 Spine2 0.2400 RShoulder 0.6200 RArm 0.0700 
skin 896 Waist 0.1800 Spine2 0.6700 Head 0.1500 
skin 897 Waist 0.0600 Spine2 0.5700 Head 0.3700 
skin 898 Waist 0.0200 Spine2 0.1700 RShoulder 0.6200 RArm 0.1900 
skin 899 Waist 0.2700 Spine2 0.3600 RShoulder 0.3700 
skin 900 Waist 0.2200 Spine2 0.6300 Head 0.1500 
skin 901 Waist 0.0400 Spine2 0.5900 Head 0.3700 
skin 902 Waist 0.1000 Spine2 0.1700 RShoulder 0.6600 RArm 0.0700 
skin 903 Waist 0.4000 Spine2 0.5900 RShoulder 0.0100 
skin 904 Waist 0.2300 Spine2 0.6300 Head 0.1400 
skin 905 Waist 0.0600 Spine2 0.5700 Head 0.3700 
skin 906 Waist 0.4500 Spine2 0.5500 
skin 907 Waist 0.2200 Spine2 0.6400 Head 0.1400 
skin 908 Waist 0.0600 Spine2 0.5700 Head 0.3700 
skin 909 Waist 0.4600 Spine2 0.5300 Head 0.0100 
skin 910 Waist 0.2400 Spine2 0.6200 Head 0.1400 
skin 911 Waist 0.0600 Spine2 0.5700 Head 0.3700 
skin 912 Waist 0.4900 Spine2 0.4900 Head 0.0200 
skin 913 Waist 0.2300 Spine2 0.6300 Head 0.1400 
skin 914 Waist 0.4800 Spine2 0.5000 Head 0.0200 
skin 915 Waist 0.4700 Spine2 0.5100 Head 0.0200 
skin 916 Spine2 0.1000 RShoulder 0.1900 RArm 0.6300 RForeArm 0.0800 
skin 917 Spine2 0.0700 RShoulder 0.2000 RArm 0.6500 RForeArm 0.0800 
skin 918 Spine2 0.1200 RShoulder 0.1500 RArm 0.6500 RForeArm 0.0800 
skin 919 Spine2 0.0100 RShoulder 0.0900 RArm 0.7000 RForeArm 0.2000 
skin 920 Spine2 0.0100 RShoulder 0.0900 RArm 0.7000 RForeArm 0.2000 
skin 921 RShoulder 0.0400 RArm 0.5700 RForeArm 0.3900 
skin 922 Spine2 0.0100 RShoulder 0.0900 RArm 0.7000 RForeArm 0.2000 
skin 923 RShoulder 0.0400 RArm 0.5600 RForeArm 0.4000 
skin 924 Spine2 0.0700 RShoulder 0.1900 RArm 0.6600 RForeArm 0.0800 
skin 925 Spine2 0.0700 RShoulder 0.2100 RArm 0.6400 RForeArm 0.0800 
skin 926 Spine2 0.1600 RShoulder 0.1100 RArm 0.6500 RForeArm 0.0800 
skin 927 Spine2 0.0100 RShoulder 0.0900 RArm 0.7000 RForeArm 0.2000 
skin 928 RArm 0.3000 RForeArm 0.6300 RHand 0.0500 RFinger 0.0200 
skin 929 RShoulder 0.0400 RArm 0.5600 RForeArm 0.4000 
skin 930 RArm 0.3000 RForeArm 0.6500 RHand 0.0300 RFinger 0.0200 
skin 931 Spine2 0.0700 RShoulder 0.1900 RArm 0.6600 RForeArm 0.0800 
