joints Waist 0.00015750 0.20993400 0.00000000
joints Hips 0.00015750 0.23360200 -0.00000008
joints Neck 0.00015750 0.23360200 -0.00000008
joints LFeelerC 0.02454880 0.10785100 0.10301900
joints RFeelerB -0.06151260 0.10785100 -0.08604970
joints RFeelerC 0.02454880 0.10785100 -0.10301800
joints Tail 0.10602450 0.10785100 0.00000035
joints FeelerA -0.10570950 0.10785100 0.00000035
joints LFeelerB -0.06151260 0.10785100 0.08605040
joints Hair1 0.00015750 0.44541100 -0.00000082
joints EndLFeelerC 0.05734160 0.10785300 0.24151900
joints EndRFeelerB -0.14442250 0.10785200 -0.20173700
joints EndRFeelerC 0.05734160 0.10785100 -0.24151700
joints EndTail 0.26055450 0.10785100 0.00005351
joints EndFeelerA -0.24803850 0.10785100 0.00000035
joints EndLFeelerB -0.14442250 0.10785300 0.20173800
joints Hair2 0.00015750 0.50393500 -0.00000102
joints Hair3 0.00015750 0.72029000 -0.00000177
root Waist
skin 0 Hips 0.1100 Tail 0.8900 
skin 1 Hips 0.1300 Tail 0.8700 
skin 2 Hips 0.1700 Tail 0.8300 
skin 3 Hips 0.2800 Tail 0.7200 
skin 4 Hips 0.2000 Tail 0.8000 
skin 5 Hips 0.5400 RFeelerC 0.0100 Tail 0.4500 
skin 6 Hips 0.4100 Tail 0.5900 
skin 7 Hips 0.3100 Tail 0.6900 
skin 8 Hips 0.2200 Tail 0.7800 
skin 9 Hips 0.7200 RFeelerC 0.0100 Tail 0.2700 
skin 10 Hips 0.6100 Tail 0.3900 
skin 11 Hips 0.3300 Tail 0.6700 
skin 12 Hips 0.4300 RFeelerC 0.0100 Tail 0.5600 
skin 13 Hips 0.8500 RFeelerC 0.0100 Tail 0.1400 
skin 14 Hips 0.7800 Tail 0.2200 
skin 15 Hips 0.5300 Tail 0.4700 
skin 16 Hips 0.3800 RFeelerC 0.0200 Tail 0.6000 
skin 17 Hips 0.5500 Tail 0.4500 
skin 18 Hips 0.7300 RFeelerC 0.0300 Tail 0.2400 
skin 19 Hips 0.8300 RFeelerC 0.0300 Tail 0.1400 
skin 20 Hips 0.8800 Tail 0.1200 
skin 21 Hips 0.7500 Tail 0.2500 
skin 22 Hips 0.6200 RFeelerC 0.0400 Tail 0.3400 
skin 23 Hips 0.7100 Tail 0.2900 
skin 24 Hips 0.8800 RFeelerC 0.0500 Tail 0.0700 
skin 25 Hips 0.8800 RFeelerC 0.0500 Tail 0.0700 
skin 26 Hips 0.8900 RFeelerC 0.0100 Tail 0.1000 
skin 27 Hips 1.0000 
skin 28 Hips 0.5800 RFeelerC 0.0400 Tail 0.3800 
skin 29 Hips 0.8700 Tail 0.1300 
skin 30 Hips 0.8900 RFeelerC 0.0900 Tail 0.0200 
skin 31 Hips 0.9000 RFeelerC 0.0400 Tail 0.0600 
skin 32 Hips 0.8000 RFeelerC 0.0900 Tail 0.1100 
skin 33 Hips 1.0000 
skin 34 Hips 0.6900 RFeelerC 0.1400 Tail 0.1700 
skin 35 Hips 0.7300 RFeelerC 0.1200 Tail 0.1500 
skin 36 Hips 1.0000 
skin 37 Hips 0.8100 RFeelerC 0.1700 Tail 0.0200 
skin 38 Hips 0.9100 RFeelerC 0.0600 Tail 0.0300 
skin 39 Hips 0.7700 RFeelerC 0.2000 Tail 0.0300 
skin 40 Hips 1.0000 
skin 41 Hips 0.6000 RFeelerC 0.3400 Tail 0.0600 
skin 42 Hips 1.0000 
skin 43 Hips 1.0000 
skin 44 Hips 0.8600 RFeelerC 0.1100 Tail 0.0300 
skin 45 Hips 0.8800 RFeelerC 0.1100 Tail 0.0100 
skin 46 Hips 0.6400 RFeelerC 0.3100 Tail 0.0500 
skin 47 Hips 1.0000 
skin 48 Hips 1.0000 
skin 49 Hips 1.0000 
skin 50 Hips 0.6500 RFeelerC 0.3400 Tail 0.0100 
skin 51 Hips 0.7700 RFeelerC 0.2100 Tail 0.0200 
skin 52 Hips 0.8800 RFeelerC 0.1100 Tail 0.0100 
skin 53 Hips 0.4200 RFeelerC 0.5600 Tail 0.0200 
skin 54 Hips 0.9200 RFeelerB 0.0100 RFeelerC 0.0600 Tail 0.0100 
skin 55 Hips 1.0000 
skin 56 Hips 1.0000 
skin 57 Hips 1.0000 
skin 58 Hips 0.4800 RFeelerC 0.5000 Tail 0.0200 
skin 59 Hips 0.5900 RFeelerC 0.4100 
skin 60 Hips 0.7700 RFeelerC 0.2100 Tail 0.0200 
skin 61 Hips 0.9300 RFeelerB 0.0300 RFeelerC 0.0300 Tail 0.0100 
skin 62 Hips 1.0000 
skin 63 Hips 1.0000 
skin 64 Hips 1.0000 
skin 65 Hips 1.0000 
skin 66 Hips 0.2900 RFeelerC 0.7000 Tail 0.0100 
skin 67 Hips 0.5900 RFeelerC 0.4100 
skin 68 Hips 0.8300 RFeelerC 0.1700 
skin 69 Hips 0.9100 RFeelerC 0.0900 
skin 70 Hips 1.0000 
skin 71 Hips 1.0000 
skin 72 Hips 1.0000 
skin 73 Hips 0.2900 RFeelerC 0.7000 Tail 0.0100 
skin 74 Hips 0.3800 RFeelerC 0.6100 Tail 0.0100 
skin 75 Hips 0.6600 RFeelerC 0.3400 
skin 76 Hips 0.9500 RFeelerC 0.0500 
skin 77 Hips 1.0000 
skin 78 Hips 0.8500 RFeelerB 0.0200 FeelerA 0.1300 
skin 79 Hips 0.9200 RFeelerB 0.0600 RFeelerC 0.0100 FeelerA 0.0100 
skin 80 Hips 0.4800 RFeelerC 0.5200 
skin 81 Hips 0.3800 RFeelerC 0.6200 
skin 82 Hips 0.9100 RFeelerB 0.0900 
skin 83 Hips 0.9000 RFeelerC 0.1000 
skin 84 Hips 0.8300 FeelerA 0.1500 LFeelerB 0.0200 
skin 85 Hips 0.8900 RFeelerB 0.0400 FeelerA 0.0700 
skin 86 Hips 0.9200 RFeelerB 0.0600 FeelerA 0.0200 
skin 87 Hips 0.4100 RFeelerB 0.0100 RFeelerC 0.5800 
skin 88 Hips 0.8300 RFeelerB 0.1700 
skin 89 Hips 0.8000 RFeelerC 0.2000 
skin 90 Hips 0.7600 FeelerA 0.2400 
skin 91 Hips 0.8800 RFeelerB 0.1200 
skin 92 Hips 0.6400 RFeelerB 0.0400 RFeelerC 0.3200 
skin 93 Hips 0.8900 RFeelerB 0.0500 RFeelerC 0.0600 
skin 94 Hips 0.7300 FeelerA 0.2700 
skin 95 Hips 0.9100 RFeelerB 0.0900 
skin 96 Hips 0.8300 FeelerA 0.1700 
skin 97 Hips 0.8800 RFeelerB 0.1000 RFeelerC 0.0200 
skin 98 Hips 0.6600 RFeelerB 0.3300 RFeelerC 0.0100 
skin 99 Hips 0.7800 RFeelerB 0.2200 
skin 100 Hips 0.6100 RFeelerB 0.0400 RFeelerC 0.3500 
skin 101 Hips 0.8300 RFeelerB 0.0800 RFeelerC 0.0900 
skin 102 Hips 0.5900 FeelerA 0.4100 
skin 103 Hips 0.8800 RFeelerB 0.1200 
skin 104 Hips 0.7800 RFeelerB 0.1900 RFeelerC 0.0300 
skin 105 Hips 0.6000 RFeelerB 0.4000 
skin 106 Hips 0.7500 RFeelerB 0.1200 RFeelerC 0.1300 
skin 107 Hips 0.5600 FeelerA 0.4400 
skin 108 Hips 0.9000 FeelerA 0.1000 
skin 109 Hips 0.7800 RFeelerB 0.2200 
skin 110 Hips 0.6600 RFeelerB 0.2900 RFeelerC 0.0500 
skin 111 Hips 0.5000 RFeelerB 0.4800 RFeelerC 0.0200 
skin 112 Hips 0.4100 RFeelerB 0.5900 
skin 113 Hips 0.7100 RFeelerB 0.1400 RFeelerC 0.1500 
skin 114 Hips 0.7100 FeelerA 0.2900 
skin 115 Hips 0.3900 FeelerA 0.6100 
skin 116 Hips 0.8300 RFeelerB 0.1700 
skin 117 Hips 0.6000 RFeelerB 0.4000 
skin 118 Hips 0.6200 RFeelerB 0.3300 RFeelerC 0.0500 
skin 119 Hips 0.4400 RFeelerB 0.5400 RFeelerC 0.0200 
skin 120 Hips 0.3200 RFeelerB 0.6700 RFeelerC 0.0100 
skin 121 Hips 0.3500 FeelerA 0.6500 
skin 122 Hips 0.5200 RFeelerB 0.0100 FeelerA 0.4700 
skin 123 Hips 0.8400 RFeelerB 0.1100 FeelerA 0.0500 
skin 124 Hips 0.8500 RFeelerB 0.0500 FeelerA 0.1000 
skin 125 Hips 0.4100 RFeelerB 0.5900 
skin 126 Hips 0.6700 RFeelerB 0.3300 
skin 127 Hips 0.3200 RFeelerB 0.6700 FeelerA 0.0100 
skin 128 Hips 0.2700 FeelerA 0.7300 
skin 129 Hips 0.8000 RFeelerB 0.0400 FeelerA 0.1600 
skin 130 Hips 0.7600 RFeelerB 0.1900 FeelerA 0.0500 
skin 131 Hips 0.4900 RFeelerB 0.4900 FeelerA 0.0200 
skin 132 Hips 0.2200 FeelerA 0.7800 
skin 133 Hips 0.6900 RFeelerB 0.0400 FeelerA 0.2700 
skin 134 Hips 0.4200 RFeelerB 0.5500 FeelerA 0.0300 
skin 135 Hips 0.7800 RFeelerB 0.0900 FeelerA 0.1300 
skin 136 Hips 0.2100 RFeelerB 0.0100 FeelerA 0.7800 
skin 137 Hips 0.4000 RFeelerB 0.0200 FeelerA 0.5800 
skin 138 Hips 0.6400 RFeelerB 0.3000 FeelerA 0.0600 
skin 139 Hips 0.1700 FeelerA 0.8300 
skin 140 Hips 0.5900 RFeelerB 0.0500 FeelerA 0.3600 
skin 141 Hips 0.6000 RFeelerB 0.3300 FeelerA 0.0700 
skin 142 Hips 0.3500 RFeelerB 0.0100 FeelerA 0.6400 
skin 143 Hips 0.7100 RFeelerB 0.1200 FeelerA 0.1700 
skin 144 Hips 0.5400 RFeelerB 0.0600 FeelerA 0.4000 
skin 145 Hips 0.6700 RFeelerB 0.1400 FeelerA 0.1900 
skin 146 Hips 0.1100 Tail 0.8900 
skin 147 Hips 0.1900 Tail 0.8100 
skin 148 Hips 0.1400 Tail 0.8600 
skin 149 Hips 0.2200 Tail 0.7800 
skin 150 Hips 0.3600 Tail 0.6400 
skin 151 Hips 0.2300 Tail 0.7700 
skin 152 Hips 0.5900 Tail 0.4100 
skin 153 Hips 0.3800 Tail 0.6200 
skin 154 Hips 0.8100 Tail 0.1900 
skin 155 Hips 0.6000 Tail 0.4000 
skin 156 Hips 0.3100 Tail 0.6900 
skin 157 Hips 0.3800 RFeelerC 0.0200 Tail 0.6000 
skin 158 Hips 0.8100 RFeelerC 0.0100 Tail 0.1800 
skin 159 Hips 0.4500 RFeelerC 0.0100 Tail 0.5400 
skin 160 Hips 0.9300 Tail 0.0700 
skin 161 Hips 0.4500 RFeelerC 0.0100 Tail 0.5400 
skin 162 Hips 0.6500 RFeelerC 0.0100 Tail 0.3400 
skin 163 Hips 0.5800 RFeelerC 0.0400 Tail 0.3800 
skin 164 Hips 0.9200 RFeelerC 0.0100 Tail 0.0700 
skin 165 Hips 0.8300 RFeelerC 0.0200 Tail 0.1500 
skin 166 Hips 0.7400 RFeelerC 0.0300 Tail 0.2300 
skin 167 Hips 0.5600 RFeelerC 0.0200 Tail 0.4200 
skin 168 Hips 0.7000 RFeelerC 0.1300 Tail 0.1700 
skin 169 Hips 0.6100 RFeelerC 0.3300 Tail 0.0600 
skin 170 Hips 0.6300 RFeelerC 0.0400 Tail 0.3300 
skin 171 Hips 0.9700 Tail 0.0200 FeelerA 0.0100 
skin 172 Hips 0.8500 RFeelerC 0.0500 Tail 0.1000 
skin 173 Hips 0.7000 RFeelerC 0.2400 Tail 0.0600 
skin 174 Hips 0.5300 RFeelerC 0.4500 Tail 0.0200 
skin 175 Hips 0.7400 RFeelerC 0.1000 Tail 0.1600 
skin 176 Hips 0.7300 RFeelerC 0.0400 Tail 0.2300 
skin 177 Hips 0.9600 Tail 0.0100 FeelerA 0.0200 LFeelerB 0.0100 
skin 178 Hips 0.9600 RFeelerB 0.0100 RFeelerC 0.0100 Tail 0.0200 
skin 179 Hips 0.9100 RFeelerB 0.0100 RFeelerC 0.0300 Tail 0.0500 
skin 180 Hips 0.7900 RFeelerC 0.1400 Tail 0.0700 
skin 181 Hips 0.7200 RFeelerC 0.2500 Tail 0.0300 
skin 182 Hips 0.4400 RFeelerC 0.5400 Tail 0.0200 
skin 183 Hips 0.8100 RFeelerC 0.0700 Tail 0.1200 
skin 184 Hips 0.8000 RFeelerC 0.0800 Tail 0.1200 
skin 185 Hips 0.9500 RFeelerB 0.0200 Tail 0.0100 FeelerA 0.0200 
skin 186 Hips 0.8900 RFeelerB 0.0100 RFeelerC 0.0700 Tail 0.0300 
skin 187 Hips 0.8200 RFeelerC 0.1200 Tail 0.0600 
skin 188 Hips 0.6300 RFeelerC 0.3500 Tail 0.0200 
skin 189 Hips 0.4500 RFeelerC 0.5500 
skin 190 Hips 0.9200 FeelerA 0.0700 LFeelerB 0.0100 
skin 191 Hips 0.9100 RFeelerB 0.0200 FeelerA 0.0700 
skin 192 Hips 0.9400 RFeelerB 0.0200 RFeelerC 0.0300 Tail 0.0100 
skin 193 Hips 0.8100 RFeelerC 0.1600 Tail 0.0300 
skin 194 Hips 0.3200 RFeelerC 0.6800 
skin 195 Hips 0.8100 FeelerA 0.1800 LFeelerB 0.0100 
skin 196 Hips 0.8200 RFeelerB 0.0200 FeelerA 0.1600 
skin 197 Hips 0.8900 RFeelerB 0.0600 FeelerA 0.0500 
skin 198 Hips 0.9000 RFeelerB 0.0200 RFeelerC 0.0700 Tail 0.0100 
skin 199 Hips 0.6400 RFeelerB 0.0100 RFeelerC 0.3500 
skin 200 Hips 0.6400 RFeelerB 0.0100 FeelerA 0.3500 
skin 201 Hips 0.9300 RFeelerB 0.0600 FeelerA 0.0100 
skin 202 Hips 0.8300 RFeelerB 0.0500 FeelerA 0.1200 
skin 203 Hips 0.8200 RFeelerB 0.0100 RFeelerC 0.1700 
skin 204 Hips 0.4500 RFeelerC 0.5500 
skin 205 Hips 0.3200 RFeelerC 0.6800 
skin 206 Hips 0.6200 FeelerA 0.3800 
skin 207 Hips 0.8300 RFeelerB 0.1600 RFeelerC 0.0100 
skin 208 Hips 0.8900 RFeelerB 0.0500 RFeelerC 0.0500 Tail 0.0100 
skin 209 Hips 0.7200 RFeelerB 0.0300 FeelerA 0.2500 
skin 210 Hips 0.8400 RFeelerB 0.0300 RFeelerC 0.1300 
skin 211 Hips 0.7300 RFeelerB 0.0200 RFeelerC 0.2500 
skin 212 Hips 0.4000 FeelerA 0.5900 LFeelerB 0.0100 
skin 213 Hips 0.4400 RFeelerB 0.0100 FeelerA 0.5500 
skin 214 Hips 0.8100 RFeelerB 0.1600 FeelerA 0.0300 
skin 215 Hips 0.5300 RFeelerB 0.0200 FeelerA 0.4500 
skin 216 Hips 0.7000 RFeelerB 0.0400 FeelerA 0.2600 
skin 217 Hips 0.8100 RFeelerB 0.1200 FeelerA 0.0700 
skin 218 Hips 0.8500 RFeelerB 0.1200 RFeelerC 0.0300 
skin 219 Hips 0.8500 RFeelerB 0.0700 RFeelerC 0.0800 
skin 220 Hips 0.5300 RFeelerB 0.0100 RFeelerC 0.4600 
skin 221 Hips 0.4300 RFeelerB 0.0100 RFeelerC 0.5600 
skin 222 Hips 0.2900 RFeelerB 0.0100 FeelerA 0.7000 
skin 223 Hips 0.7800 RFeelerB 0.0700 FeelerA 0.1500 
skin 224 Hips 0.7800 RFeelerB 0.0700 FeelerA 0.1500 
skin 225 Hips 0.6000 RFeelerB 0.0400 FeelerA 0.3600 
skin 226 Hips 0.6500 RFeelerB 0.3400 RFeelerC 0.0100 
skin 227 Hips 0.7400 RFeelerB 0.2400 RFeelerC 0.0200 
skin 228 Hips 0.8100 RFeelerB 0.0400 RFeelerC 0.1500 
skin 229 Hips 0.7100 RFeelerB 0.0400 RFeelerC 0.2500 
skin 230 Hips 0.6200 RFeelerB 0.0400 RFeelerC 0.3400 
skin 231 Hips 0.2400 FeelerA 0.7500 LFeelerB 0.0100 
skin 232 Hips 0.4200 RFeelerB 0.0200 FeelerA 0.5600 
skin 233 Hips 0.7700 RFeelerB 0.1400 FeelerA 0.0900 
skin 234 Hips 0.6500 RFeelerB 0.3400 FeelerA 0.0100 
skin 235 Hips 0.8100 RFeelerB 0.1400 RFeelerC 0.0500 
skin 236 Hips 0.8400 RFeelerB 0.0800 RFeelerC 0.0800 
skin 237 Hips 0.7800 RFeelerB 0.1100 RFeelerC 0.1100 
skin 238 Hips 0.7200 RFeelerB 0.1300 RFeelerC 0.1500 
skin 239 Hips 0.2200 FeelerA 0.7800 
skin 240 Hips 0.3600 RFeelerB 0.0100 FeelerA 0.6300 
skin 241 Hips 0.5500 RFeelerB 0.0500 FeelerA 0.4000 
skin 242 Hips 0.7200 RFeelerB 0.1100 FeelerA 0.1700 
skin 243 Hips 0.7200 RFeelerB 0.2400 FeelerA 0.0400 
skin 244 Hips 0.5500 RFeelerB 0.4300 RFeelerC 0.0200 
skin 245 Hips 0.7200 RFeelerB 0.2300 RFeelerC 0.0500 
skin 246 Hips 0.1800 FeelerA 0.8200 
skin 247 Hips 0.6800 RFeelerB 0.1300 FeelerA 0.1900 
skin 248 Hips 0.4700 RFeelerB 0.5200 FeelerA 0.0100 
skin 249 Hips 0.7000 RFeelerB 0.2300 FeelerA 0.0700 
skin 250 Hips 0.6300 RFeelerB 0.3200 RFeelerC 0.0500 
skin 251 Hips 0.5400 RFeelerB 0.4300 FeelerA 0.0300 
skin 252 Hips 0.4700 RFeelerB 0.5300 
skin 253 Hips 0.6100 RFeelerB 0.3200 FeelerA 0.0700 
skin 254 Hips 0.4600 RFeelerB 0.5200 RFeelerC 0.0200 
skin 255 Hips 0.4500 RFeelerB 0.5200 FeelerA 0.0300 
skin 256 Hips 0.3400 RFeelerB 0.6500 FeelerA 0.0100 
skin 257 Hips 0.3500 RFeelerB 0.6500 
skin 258 Hips 0.1300 Tail 0.8700 
skin 259 Hips 0.2000 Tail 0.8000 
skin 260 Hips 0.2800 Tail 0.7200 
skin 261 Hips 0.3300 Tail 0.6700 
skin 262 Hips 0.2200 Tail 0.7800 
skin 263 Hips 0.4100 Tail 0.5900 
skin 264 Hips 0.4300 LFeelerC 0.0100 Tail 0.5600 
skin 265 Hips 0.3800 LFeelerC 0.0200 Tail 0.6000 
skin 266 Hips 0.5500 Tail 0.4500 
skin 267 Hips 0.6200 LFeelerC 0.0400 Tail 0.3400 
skin 268 Hips 0.5400 LFeelerC 0.0100 Tail 0.4500 
skin 269 Hips 0.5800 LFeelerC 0.0400 Tail 0.3800 
skin 270 Hips 0.6100 Tail 0.3900 
skin 271 Hips 0.7300 LFeelerC 0.0300 Tail 0.2400 
skin 272 Hips 0.7500 Tail 0.2500 
skin 273 Hips 0.7300 LFeelerC 0.1200 Tail 0.1500 
skin 274 Hips 0.6900 LFeelerC 0.1400 Tail 0.1700 
skin 275 Hips 0.7200 LFeelerC 0.0100 Tail 0.2700 
skin 276 Hips 0.8800 LFeelerC 0.0500 Tail 0.0700 
skin 277 Hips 0.8000 LFeelerC 0.0900 Tail 0.1100 
skin 278 Hips 0.6000 LFeelerC 0.3400 Tail 0.0600 
skin 279 Hips 0.8300 LFeelerC 0.0300 Tail 0.1400 
skin 280 Hips 0.7800 Tail 0.2200 
skin 281 Hips 0.7700 LFeelerC 0.2000 Tail 0.0300 
skin 282 Hips 0.8800 Tail 0.1200 
skin 283 Hips 0.6400 LFeelerC 0.3100 Tail 0.0500 
skin 284 Hips 0.8800 LFeelerC 0.0500 Tail 0.0700 
skin 285 Hips 0.8500 LFeelerC 0.0100 Tail 0.1400 
skin 286 Hips 0.8600 LFeelerC 0.1100 Tail 0.0300 
skin 287 Hips 0.4800 LFeelerC 0.5000 Tail 0.0200 
skin 288 Hips 0.4200 LFeelerC 0.5600 Tail 0.0200 
skin 289 Hips 0.8900 LFeelerC 0.0100 Tail 0.1000 
skin 290 Hips 1.0000 
skin 291 Hips 0.9000 LFeelerC 0.0400 Tail 0.0600 
skin 292 Hips 0.8100 LFeelerC 0.1700 Tail 0.0200 
skin 293 Hips 0.2900 LFeelerC 0.7000 Tail 0.0100 
skin 294 Hips 1.0000 
skin 295 Hips 0.8900 LFeelerC 0.0900 Tail 0.0200 
skin 296 Hips 0.6500 LFeelerC 0.3400 Tail 0.0100 
skin 297 Hips 0.3800 LFeelerC 0.6100 Tail 0.0100 
skin 298 Hips 0.2900 LFeelerC 0.7000 Tail 0.0100 
skin 299 Hips 1.0000 
skin 300 Hips 1.0000 
skin 301 Hips 0.8800 LFeelerC 0.1100 Tail 0.0100 
skin 302 Hips 0.7700 LFeelerC 0.2100 Tail 0.0200 
skin 303 Hips 0.3800 LFeelerC 0.6200 
skin 304 Hips 0.4800 LFeelerC 0.5200 
skin 305 Hips 0.5900 LFeelerC 0.4100 
skin 306 Hips 1.0000 
skin 307 Hips 1.0000 
skin 308 Hips 1.0000 
skin 309 Hips 1.0000 
skin 310 Hips 0.9100 LFeelerC 0.0600 Tail 0.0300 
skin 311 Hips 0.4100 LFeelerC 0.5800 LFeelerB 0.0100 
skin 312 Hips 0.7700 LFeelerC 0.2100 Tail 0.0200 
skin 313 Hips 0.8500 FeelerA 0.1300 LFeelerB 0.0200 
skin 314 Hips 1.0000 
skin 315 Hips 1.0000 
skin 316 Hips 0.8800 LFeelerC 0.1100 Tail 0.0100 
skin 317 Hips 1.0000 
skin 318 Hips 0.6600 LFeelerC 0.3400 
skin 319 Hips 0.8000 LFeelerC 0.2000 
skin 320 Hips 0.6400 LFeelerC 0.3200 LFeelerB 0.0400 
skin 321 Hips 0.5900 LFeelerC 0.4100 
skin 322 Hips 0.8900 FeelerA 0.0700 LFeelerB 0.0400 
skin 323 Hips 1.0000 
skin 324 Hips 1.0000 
skin 325 Hips 0.9200 LFeelerC 0.0600 Tail 0.0100 LFeelerB 0.0100 
skin 326 Hips 0.6100 LFeelerC 0.3500 LFeelerB 0.0400 
skin 327 Hips 0.9000 LFeelerC 0.1000 
skin 328 Hips 0.8300 LFeelerC 0.0900 LFeelerB 0.0800 
skin 329 Hips 0.8300 LFeelerC 0.1700 
skin 330 Hips 0.7600 FeelerA 0.2400 
skin 331 Hips 1.0000 
skin 332 Hips 0.9200 FeelerA 0.0200 LFeelerB 0.0600 
skin 333 Hips 0.9100 LFeelerC 0.0900 
skin 334 Hips 0.7500 LFeelerC 0.1300 LFeelerB 0.1200 
skin 335 Hips 0.8900 LFeelerC 0.0600 LFeelerB 0.0500 
skin 336 Hips 1.0000 
skin 337 Hips 1.0000 
skin 338 Hips 0.8300 FeelerA 0.1700 
skin 339 Hips 0.9100 LFeelerB 0.0900 
skin 340 Hips 0.9300 LFeelerC 0.0300 Tail 0.0100 LFeelerB 0.0300 
skin 341 Hips 0.9500 LFeelerC 0.0500 
skin 342 Hips 0.7100 LFeelerC 0.1500 LFeelerB 0.1400 
skin 343 Hips 0.7800 LFeelerC 0.0300 LFeelerB 0.1900 
skin 344 Hips 0.5900 FeelerA 0.4100 
skin 345 Hips 0.9200 LFeelerC 0.0100 FeelerA 0.0100 LFeelerB 0.0600 
skin 346 Hips 0.9000 FeelerA 0.1000 
skin 347 Hips 0.9100 LFeelerB 0.0900 
skin 348 Hips 0.6600 LFeelerC 0.0500 LFeelerB 0.2900 
skin 349 Hips 0.6200 LFeelerC 0.0500 LFeelerB 0.3300 
skin 350 Hips 0.8800 LFeelerC 0.0200 LFeelerB 0.1000 
skin 351 Hips 0.8800 LFeelerB 0.1200 
skin 352 Hips 0.7100 FeelerA 0.2900 
skin 353 Hips 0.8800 LFeelerB 0.1200 
skin 354 Hips 0.5000 LFeelerC 0.0200 LFeelerB 0.4800 
skin 355 Hips 0.4400 LFeelerC 0.0200 LFeelerB 0.5400 
skin 356 Hips 0.8300 LFeelerB 0.1700 
skin 357 Hips 0.3900 FeelerA 0.6100 
skin 358 Hips 0.8300 LFeelerB 0.1700 
skin 359 Hips 0.3200 LFeelerC 0.0100 LFeelerB 0.6700 
skin 360 Hips 0.6600 LFeelerC 0.0100 LFeelerB 0.3300 
skin 361 Hips 0.7800 LFeelerB 0.2200 
skin 362 Hips 0.2700 FeelerA 0.7300 
skin 363 Hips 0.5200 FeelerA 0.4700 LFeelerB 0.0100 
skin 364 Hips 0.7800 LFeelerB 0.2200 
skin 365 Hips 0.8500 FeelerA 0.1000 LFeelerB 0.0500 
skin 366 Hips 0.8400 FeelerA 0.0500 LFeelerB 0.1100 
skin 367 Hips 0.4100 LFeelerB 0.5900 
skin 368 Hips 0.6000 LFeelerB 0.4000 
skin 369 Hips 0.8000 FeelerA 0.1600 LFeelerB 0.0400 
skin 370 Hips 0.6000 LFeelerB 0.4000 
skin 371 Hips 0.3200 FeelerA 0.0100 LFeelerB 0.6700 
skin 372 Hips 0.2100 FeelerA 0.7800 LFeelerB 0.0100 
skin 373 Hips 0.6900 FeelerA 0.2700 LFeelerB 0.0400 
skin 374 Hips 0.7600 FeelerA 0.0500 LFeelerB 0.1900 
skin 375 Hips 0.6700 LFeelerB 0.3300 
skin 376 Hips 0.4100 LFeelerB 0.5900 
skin 377 Hips 0.4000 FeelerA 0.5800 LFeelerB 0.0200 
skin 378 Hips 0.7800 FeelerA 0.1300 LFeelerB 0.0900 
skin 379 Hips 0.4900 FeelerA 0.0200 LFeelerB 0.4900 
skin 380 Hips 0.3500 FeelerA 0.6400 LFeelerB 0.0100 
skin 381 Hips 0.5900 FeelerA 0.3600 LFeelerB 0.0500 
skin 382 Hips 0.6400 FeelerA 0.0600 LFeelerB 0.3000 
skin 383 Hips 0.4200 FeelerA 0.0300 LFeelerB 0.5500 
skin 384 Hips 0.5400 FeelerA 0.4000 LFeelerB 0.0600 
skin 385 Hips 0.7100 FeelerA 0.1700 LFeelerB 0.1200 
skin 386 Hips 0.6000 FeelerA 0.0700 LFeelerB 0.3300 
skin 387 Hips 0.6700 FeelerA 0.1900 LFeelerB 0.1400 
skin 388 Hips 0.1400 Tail 0.8600 
skin 389 Hips 0.2300 Tail 0.7700 
skin 390 Hips 0.2200 Tail 0.7800 
skin 391 Hips 0.3800 LFeelerC 0.0200 Tail 0.6000 
skin 392 Hips 0.3100 Tail 0.6900 
skin 393 Hips 0.3800 Tail 0.6200 
skin 394 Hips 0.5800 LFeelerC 0.0400 Tail 0.3800 
skin 395 Hips 0.6000 Tail 0.4000 
skin 396 Hips 0.4500 LFeelerC 0.0100 Tail 0.5400 
skin 397 Hips 0.6100 LFeelerC 0.3300 Tail 0.0600 
skin 398 Hips 0.7000 LFeelerC 0.1300 Tail 0.1700 
skin 399 Hips 0.8100 LFeelerC 0.0100 Tail 0.1800 
skin 400 Hips 0.4500 LFeelerC 0.0100 Tail 0.5400 
skin 401 Hips 0.6300 LFeelerC 0.0400 Tail 0.3300 
skin 402 Hips 0.4400 LFeelerC 0.5400 Tail 0.0200 
skin 403 Hips 0.5300 LFeelerC 0.4500 Tail 0.0200 
skin 404 Hips 0.5600 LFeelerC 0.0200 Tail 0.4200 
skin 405 Hips 0.6500 LFeelerC 0.0100 Tail 0.3400 
skin 406 Hips 0.7400 LFeelerC 0.1000 Tail 0.1600 
skin 407 Hips 0.4500 LFeelerC 0.5500 
skin 408 Hips 0.9200 LFeelerC 0.0100 Tail 0.0700 
skin 409 Hips 0.7300 LFeelerC 0.0400 Tail 0.2300 
skin 410 Hips 0.7400 LFeelerC 0.0300 Tail 0.2300 
skin 411 Hips 0.7000 LFeelerC 0.2400 Tail 0.0600 
skin 412 Hips 0.3200 LFeelerC 0.6800 
skin 413 Hips 0.4500 LFeelerC 0.5500 
skin 414 Hips 0.8300 LFeelerC 0.0200 Tail 0.1500 
skin 415 Hips 0.8000 LFeelerC 0.0800 Tail 0.1200 
skin 416 Hips 0.7200 LFeelerC 0.2500 Tail 0.0300 
skin 417 Hips 0.5300 LFeelerC 0.4600 LFeelerB 0.0100 
skin 418 Hips 0.7300 LFeelerC 0.2500 LFeelerB 0.0200 
skin 419 Hips 0.6300 LFeelerC 0.3500 Tail 0.0200 
skin 420 Hips 0.9600 LFeelerC 0.0100 Tail 0.0200 LFeelerB 0.0100 
skin 421 Hips 0.8100 LFeelerC 0.0700 Tail 0.1200 
skin 422 Hips 0.8500 LFeelerC 0.0500 Tail 0.1000 
skin 423 Hips 0.7900 LFeelerC 0.1400 Tail 0.0700 
skin 424 Hips 0.6400 LFeelerC 0.3500 LFeelerB 0.0100 
skin 425 Hips 0.4300 LFeelerC 0.5600 LFeelerB 0.0100 
skin 426 Hips 0.7100 LFeelerC 0.2500 LFeelerB 0.0400 
skin 427 Hips 0.3200 LFeelerC 0.6800 
skin 428 Hips 0.9100 FeelerA 0.0700 LFeelerB 0.0200 
skin 429 Hips 0.9100 LFeelerC 0.0300 Tail 0.0500 LFeelerB 0.0100 
skin 430 Hips 0.8200 LFeelerC 0.1200 Tail 0.0600 
skin 431 Hips 0.8400 LFeelerC 0.1300 LFeelerB 0.0300 
skin 432 Hips 0.8200 LFeelerC 0.1700 LFeelerB 0.0100 
skin 433 Hips 0.6200 LFeelerC 0.3400 LFeelerB 0.0400 
skin 434 Hips 0.9500 Tail 0.0100 FeelerA 0.0200 LFeelerB 0.0200 
skin 435 Hips 0.8200 FeelerA 0.1600 LFeelerB 0.0200 
skin 436 Hips 0.8900 LFeelerC 0.0700 Tail 0.0300 LFeelerB 0.0100 
skin 437 Hips 0.8100 LFeelerC 0.1600 Tail 0.0300 
skin 438 Hips 0.8100 LFeelerC 0.1500 LFeelerB 0.0400 
skin 439 Hips 0.8500 LFeelerC 0.0800 LFeelerB 0.0700 
skin 440 Hips 0.8900 LFeelerC 0.0500 Tail 0.0100 LFeelerB 0.0500 
skin 441 Hips 0.7200 LFeelerC 0.1500 LFeelerB 0.1300 
skin 442 Hips 0.9400 LFeelerC 0.0300 Tail 0.0100 LFeelerB 0.0200 
skin 443 Hips 0.8900 FeelerA 0.0500 LFeelerB 0.0600 
skin 444 Hips 0.9000 LFeelerC 0.0700 Tail 0.0100 LFeelerB 0.0200 
skin 445 Hips 0.8400 LFeelerC 0.0800 LFeelerB 0.0800 
skin 446 Hips 0.7200 LFeelerC 0.0500 LFeelerB 0.2300 
skin 447 Hips 0.7800 LFeelerC 0.1100 LFeelerB 0.1100 
skin 448 Hips 0.8300 FeelerA 0.1200 LFeelerB 0.0500 
skin 449 Hips 0.7200 FeelerA 0.2500 LFeelerB 0.0300 
skin 450 Hips 0.6400 FeelerA 0.3500 LFeelerB 0.0100 
skin 451 Hips 0.9300 FeelerA 0.0100 LFeelerB 0.0600 
skin 452 Hips 0.7400 LFeelerC 0.0200 LFeelerB 0.2400 
skin 453 Hips 0.8500 LFeelerC 0.0300 LFeelerB 0.1200 
skin 454 Hips 0.8100 LFeelerC 0.0500 LFeelerB 0.1400 
skin 455 Hips 0.6300 LFeelerC 0.0500 LFeelerB 0.3200 
skin 456 Hips 0.8100 FeelerA 0.0700 LFeelerB 0.1200 
skin 457 Hips 0.4400 FeelerA 0.5500 LFeelerB 0.0100 
skin 458 Hips 0.7800 FeelerA 0.1500 LFeelerB 0.0700 
skin 459 Hips 0.7000 FeelerA 0.2600 LFeelerB 0.0400 
skin 460 Hips 0.8300 LFeelerC 0.0100 LFeelerB 0.1600 
skin 461 Hips 0.4600 LFeelerC 0.0200 LFeelerB 0.5200 
skin 462 Hips 0.5500 LFeelerC 0.0200 LFeelerB 0.4300 
skin 463 Hips 0.2900 FeelerA 0.7000 LFeelerB 0.0100 
skin 464 Hips 0.5300 FeelerA 0.4500 LFeelerB 0.0200 
skin 465 Hips 0.8100 FeelerA 0.0300 LFeelerB 0.1600 
skin 466 Hips 0.7200 FeelerA 0.0400 LFeelerB 0.2400 
skin 467 Hips 0.7700 FeelerA 0.0900 LFeelerB 0.1400 
skin 468 Hips 0.7800 FeelerA 0.1500 LFeelerB 0.0700 
skin 469 Hips 0.3500 LFeelerB 0.6500 
skin 470 Hips 0.6500 LFeelerC 0.0100 LFeelerB 0.3400 
skin 471 Hips 0.2200 FeelerA 0.7800 
skin 472 Hips 0.6000 FeelerA 0.3600 LFeelerB 0.0400 
skin 473 Hips 0.4200 FeelerA 0.5600 LFeelerB 0.0200 
skin 474 Hips 0.6500 FeelerA 0.0100 LFeelerB 0.3400 
skin 475 Hips 0.5400 FeelerA 0.0300 LFeelerB 0.4300 
skin 476 Hips 0.7000 FeelerA 0.0700 LFeelerB 0.2300 
skin 477 Hips 0.3400 FeelerA 0.0100 LFeelerB 0.6500 
skin 478 Hips 0.4700 LFeelerB 0.5300 
skin 479 Hips 0.7200 FeelerA 0.1700 LFeelerB 0.1100 
skin 480 Hips 0.3600 FeelerA 0.6300 LFeelerB 0.0100 
skin 481 Hips 0.4700 FeelerA 0.0100 LFeelerB 0.5200 
skin 482 Hips 0.6100 FeelerA 0.0700 LFeelerB 0.3200 
skin 483 Hips 0.5500 FeelerA 0.4000 LFeelerB 0.0500 
skin 484 Hips 0.4500 FeelerA 0.0300 LFeelerB 0.5200 
skin 485 Hips 0.6800 FeelerA 0.1900 LFeelerB 0.1300 
skin 486 Neck 0.0900 Hair1 0.4300 Hair2 0.4700 Hair3 0.0100 
skin 487 Neck 0.1700 Hair1 0.4400 Hair2 0.3900 
skin 488 Neck 0.0900 Hair1 0.4300 Hair2 0.4700 Hair3 0.0100 
skin 489 Neck 0.0400 Hair1 0.3700 Hair2 0.5300 Hair3 0.0600 
skin 490 Neck 0.0400 Hair1 0.3700 Hair2 0.5300 Hair3 0.0600 
skin 491 Neck 0.0100 Hair1 0.2600 Hair2 0.5800 Hair3 0.1500 
skin 492 Neck 0.1700 Hair1 0.4400 Hair2 0.3900 
skin 493 Neck 0.2600 Hair1 0.4400 Hair2 0.3000 
skin 494 Neck 0.0900 Hair1 0.4300 Hair2 0.4700 Hair3 0.0100 
skin 495 Neck 0.0100 Hair1 0.2600 Hair2 0.5800 Hair3 0.1500 
skin 496 Neck 0.0400 Hair1 0.3700 Hair2 0.5300 Hair3 0.0600 
skin 497 Neck 0.2600 Hair1 0.4400 Hair2 0.3000 
skin 498 Neck 0.3800 Hair1 0.4200 Hair2 0.2000 
skin 499 Neck 0.1700 Hair1 0.4400 Hair2 0.3900 
skin 500 Neck 0.0900 Hair1 0.4300 Hair2 0.4700 Hair3 0.0100 
skin 501 Neck 0.3800 Hair1 0.4200 Hair2 0.2000 
skin 502 Neck 0.5100 Hair1 0.3700 Hair2 0.1200 
skin 503 Neck 0.2600 Hair1 0.4400 Hair2 0.3000 
skin 504 Neck 0.1700 Hair1 0.4400 Hair2 0.3900 
skin 505 Neck 0.0100 Hair1 0.2600 Hair2 0.5800 Hair3 0.1500 
skin 506 Neck 0.0400 Hair1 0.3700 Hair2 0.5300 Hair3 0.0600 
skin 507 Neck 0.0900 Hair1 0.4300 Hair2 0.4700 Hair3 0.0100 
skin 508 Neck 0.5100 Hair1 0.3700 Hair2 0.1200 
skin 509 Neck 0.3800 Hair1 0.4200 Hair2 0.2000 
skin 510 Neck 0.2600 Hair1 0.4400 Hair2 0.3000 
skin 511 Neck 0.1700 Hair1 0.4400 Hair2 0.3900 
skin 512 Hair1 0.1500 Hair2 0.5400 Hair3 0.3100 
skin 513 Hair1 0.1500 Hair2 0.5400 Hair3 0.3100 
skin 514 Hair1 0.0800 Hair2 0.4800 Hair3 0.4400 
skin 515 Hair1 0.1500 Hair2 0.5400 Hair3 0.3100 
skin 516 Hair1 0.0800 Hair2 0.4800 Hair3 0.4400 
skin 517 Neck 0.0400 Hair1 0.3700 Hair2 0.5300 Hair3 0.0600 
skin 518 Neck 0.0100 Hair1 0.2600 Hair2 0.5800 Hair3 0.1500 
skin 519 Hair1 0.1500 Hair2 0.5400 Hair3 0.3100 
skin 520 Hair1 0.0800 Hair2 0.4800 Hair3 0.4400 
skin 521 Neck 0.0900 Hair1 0.4300 Hair2 0.4700 Hair3 0.0100 
skin 522 Neck 0.5100 Hair1 0.3700 Hair2 0.1200 
skin 523 Neck 0.3800 Hair1 0.4200 Hair2 0.2000 
skin 524 Neck 0.2600 Hair1 0.4400 Hair2 0.3000 
skin 525 Neck 0.1700 Hair1 0.4400 Hair2 0.3900 
skin 526 Neck 0.0100 Hair1 0.2600 Hair2 0.5800 Hair3 0.1500 
skin 527 Neck 0.0400 Hair1 0.3700 Hair2 0.5300 Hair3 0.0600 
skin 528 Neck 0.0900 Hair1 0.4300 Hair2 0.4700 Hair3 0.0100 
skin 529 Hair1 0.1500 Hair2 0.5400 Hair3 0.3100 
skin 530 Hair1 0.0800 Hair2 0.4800 Hair3 0.4400 
skin 531 Hair1 0.0400 Hair2 0.4100 Hair3 0.5500 
skin 532 Hair1 0.0400 Hair2 0.4100 Hair3 0.5500 
skin 533 Hair1 0.0400 Hair2 0.4100 Hair3 0.5500 
skin 534 Hair1 0.0400 Hair2 0.4100 Hair3 0.5500 
skin 535 Neck 0.5100 Hair1 0.3700 Hair2 0.1200 
skin 536 Neck 0.3800 Hair1 0.4200 Hair2 0.2000 
skin 537 Neck 0.2600 Hair1 0.4400 Hair2 0.3000 
skin 538 Neck 0.1700 Hair1 0.4400 Hair2 0.3900 
skin 539 Neck 0.0400 Hair1 0.3700 Hair2 0.5300 Hair3 0.0600 
skin 540 Neck 0.0100 Hair1 0.2600 Hair2 0.5800 Hair3 0.1500 
skin 541 Neck 0.0900 Hair1 0.4300 Hair2 0.4700 Hair3 0.0100 
skin 542 Hair1 0.1500 Hair2 0.5400 Hair3 0.3100 
skin 543 Hair1 0.0800 Hair2 0.4800 Hair3 0.4400 
skin 544 Hair1 0.0400 Hair2 0.4100 Hair3 0.5500 
skin 545 Hair1 0.0100 Hair2 0.3200 Hair3 0.6700 
skin 546 Hair1 0.0100 Hair2 0.3200 Hair3 0.6700 
skin 547 Hair1 0.0100 Hair2 0.3200 Hair3 0.6700 
skin 548 Hair1 0.0100 Hair2 0.3200 Hair3 0.6700 
skin 549 Hair1 0.0100 Hair2 0.3200 Hair3 0.6700 
skin 550 Neck 0.3800 Hair1 0.4200 Hair2 0.2000 
skin 551 Neck 0.2600 Hair1 0.4400 Hair2 0.3000 
skin 552 Neck 0.1700 Hair1 0.4400 Hair2 0.3900 
skin 553 Neck 0.0100 Hair1 0.2600 Hair2 0.5800 Hair3 0.1500 
skin 554 Hair1 0.1500 Hair2 0.5400 Hair3 0.3100 
skin 555 Hair1 0.0800 Hair2 0.4800 Hair3 0.4400 
skin 556 Hair1 0.0400 Hair2 0.4100 Hair3 0.5500 
skin 557 Hair1 0.0100 Hair2 0.3200 Hair3 0.6700 
skin 558 Neck 0.0400 Hair1 0.3700 Hair2 0.5300 Hair3 0.0600 
skin 559 Neck 0.0900 Hair1 0.4300 Hair2 0.4700 Hair3 0.0100 
skin 560 Hair2 0.2300 Hair3 0.7700 
skin 561 Hair2 0.2300 Hair3 0.7700 
skin 562 Hair2 0.2300 Hair3 0.7700 
skin 563 Hair2 0.2300 Hair3 0.7700 
skin 564 Hair2 0.2300 Hair3 0.7700 
skin 565 Hair2 0.2300 Hair3 0.7700 
skin 566 Neck 0.3800 Hair1 0.4200 Hair2 0.2000 
skin 567 Neck 0.2600 Hair1 0.4400 Hair2 0.3000 
skin 568 Neck 0.1700 Hair1 0.4400 Hair2 0.3900 
skin 569 Hair1 0.1500 Hair2 0.5400 Hair3 0.3100 
skin 570 Neck 0.0100 Hair1 0.2600 Hair2 0.5800 Hair3 0.1500 
skin 571 Neck 0.0400 Hair1 0.3700 Hair2 0.5300 Hair3 0.0600 
skin 572 Neck 0.0900 Hair1 0.4300 Hair2 0.4700 Hair3 0.0100 
skin 573 Hair1 0.0800 Hair2 0.4800 Hair3 0.4400 
skin 574 Hair1 0.0400 Hair2 0.4100 Hair3 0.5500 
skin 575 Hair1 0.0100 Hair2 0.3200 Hair3 0.6700 
skin 576 Hair2 0.2300 Hair3 0.7700 
skin 577 Hair2 0.1400 Hair3 0.8600 
skin 578 Hair2 0.1400 Hair3 0.8600 
skin 579 Hair2 0.1400 Hair3 0.8600 
skin 580 Hair2 0.1400 Hair3 0.8600 
skin 581 Hair2 0.1400 Hair3 0.8600 
skin 582 Hair2 0.1400 Hair3 0.8600 
skin 583 Hair2 0.0800 Hair3 0.9200 
skin 584 Hair2 0.0800 Hair3 0.9200 
skin 585 Hair2 0.0800 Hair3 0.9200 
skin 586 Hair2 0.0800 Hair3 0.9200 
skin 587 Hair2 0.0800 Hair3 0.9200 
skin 588 Hair2 0.1400 Hair3 0.8600 
skin 589 Hair2 0.0800 Hair3 0.9200 
skin 590 Hair2 0.0500 Hair3 0.9500 
skin 591 Hair2 0.0400 Hair3 0.9600 
skin 592 Hair2 0.0400 Hair3 0.9600 
skin 593 Hair2 0.0800 Hair3 0.9200 
skin 594 Hair2 0.1400 Hair3 0.8600 
skin 595 Hair2 0.2300 Hair3 0.7700 
skin 596 Hair1 0.0100 Hair2 0.3200 Hair3 0.6700 
skin 597 Hair1 0.0400 Hair2 0.4100 Hair3 0.5500 
skin 598 Hair2 0.0400 Hair3 0.9600 
skin 599 Hair2 0.0300 Hair3 0.9700 
skin 600 Hair2 0.0400 Hair3 0.9600 
skin 601 Hair2 0.0800 Hair3 0.9200 
skin 602 Hair2 0.1400 Hair3 0.8600 
skin 603 Hair2 0.2300 Hair3 0.7700 
skin 604 Hair1 0.0100 Hair2 0.3200 Hair3 0.6700 
skin 605 Hair2 0.0400 Hair3 0.9600 
skin 606 Hair2 0.0200 Hair3 0.9800 
skin 607 Hair2 0.0200 Hair3 0.9800 
skin 608 Hair2 0.0400 Hair3 0.9600 
skin 609 Hair2 0.0800 Hair3 0.9200 
skin 610 Hair2 0.0400 Hair3 0.9600 
skin 611 Hair2 0.0200 Hair3 0.9800 
skin 612 Hair2 0.0200 Hair3 0.9800 
skin 613 Hair2 0.0100 Hair3 0.9900 
skin 614 Hair2 0.0100 Hair3 0.9900 
skin 615 Hair2 0.0100 Hair3 0.9900 
skin 616 Hair2 0.0200 Hair3 0.9800 
skin 617 Hair2 0.0100 Hair3 0.9900 
skin 618 Hair3 1.0000 
skin 619 Hair3 1.0000 
skin 620 Hair2 0.0400 Hair3 0.9600 
skin 621 Hair2 0.0200 Hair3 0.9800 
skin 622 Hair2 0.0100 Hair3 0.9900 
skin 623 Hair3 1.0000 
skin 624 Hair3 1.0000 
skin 625 Hair3 1.0000 
skin 626 Hair3 1.0000 
skin 627 Hair2 0.0100 Hair3 0.9900 
skin 628 Hair2 0.0100 Hair3 0.9900 
skin 629 Hair2 0.0100 Hair3 0.9900 
skin 630 Hair2 0.0200 Hair3 0.9800 
skin 631 Hair2 0.0200 Hair3 0.9800 
skin 632 Hair2 0.0100 Hair3 0.9900 
skin 633 Hair2 0.0200 Hair3 0.9800 
skin 634 Hair2 0.0400 Hair3 0.9600 
skin 635 Hair2 0.0400 Hair3 0.9600 
skin 636 Hair2 0.0200 Hair3 0.9800 
skin 637 Hair2 0.0200 Hair3 0.9800 
skin 638 Hair2 0.0400 Hair3 0.9600 
skin 639 Hair2 0.0800 Hair3 0.9200 
skin 640 Hair2 0.0800 Hair3 0.9200 
skin 641 Hair2 0.0400 Hair3 0.9600 
skin 642 Hair2 0.0300 Hair3 0.9700 
skin 643 Hair2 0.0400 Hair3 0.9600 
skin 644 Hair2 0.0800 Hair3 0.9200 
skin 645 Hair2 0.1400 Hair3 0.8600 
skin 646 Hair2 0.1400 Hair3 0.8600 
skin 647 Hair2 0.0800 Hair3 0.9200 
skin 648 Hair2 0.0400 Hair3 0.9600 
skin 649 Hair2 0.0400 Hair3 0.9600 
skin 650 Hair2 0.0800 Hair3 0.9200 
skin 651 Hair2 0.1400 Hair3 0.8600 
skin 652 Hair2 0.2300 Hair3 0.7700 
skin 653 Hair2 0.1400 Hair3 0.8600 
skin 654 Hair2 0.0800 Hair3 0.9200 
skin 655 Hair2 0.0500 Hair3 0.9500 
skin 656 Hair2 0.0800 Hair3 0.9200 
skin 657 Hair2 0.0800 Hair3 0.9200 
skin 658 Hair2 0.1400 Hair3 0.8600 
skin 659 Hair2 0.2300 Hair3 0.7700 
skin 660 Hair1 0.0100 Hair2 0.3200 Hair3 0.6700 
skin 661 Hair2 0.1400 Hair3 0.8600 
skin 662 Hair2 0.1400 Hair3 0.8600 
skin 663 Hair2 0.1400 Hair3 0.8600 
skin 664 Hair2 0.2300 Hair3 0.7700 
skin 665 Hair2 0.2300 Hair3 0.7700 
skin 666 Hair2 0.2300 Hair3 0.7700 
skin 667 Hair2 0.2300 Hair3 0.7700 
skin 668 Hair2 0.2300 Hair3 0.7700 
skin 669 Hair2 0.2300 Hair3 0.7700 
skin 670 Hair1 0.0100 Hair2 0.3200 Hair3 0.6700 
skin 671 Hair1 0.0100 Hair2 0.3200 Hair3 0.6700 
skin 672 Hair1 0.0100 Hair2 0.3200 Hair3 0.6700 
skin 673 Hair1 0.0100 Hair2 0.3200 Hair3 0.6700 
skin 674 Hair1 0.0100 Hair2 0.3200 Hair3 0.6700 
skin 675 Hair1 0.0100 Hair2 0.3200 Hair3 0.6700 
skin 676 Hair1 0.0100 Hair2 0.3200 Hair3 0.6700 
skin 677 Hair1 0.0400 Hair2 0.4100 Hair3 0.5500 
skin 678 Hair1 0.0400 Hair2 0.4100 Hair3 0.5500 
skin 679 Hair1 0.0400 Hair2 0.4100 Hair3 0.5500 
skin 680 Hair1 0.0400 Hair2 0.4100 Hair3 0.5500 
skin 681 Hair1 0.0400 Hair2 0.4100 Hair3 0.5500 
skin 682 Hair1 0.0400 Hair2 0.4100 Hair3 0.5500 
skin 683 Hair1 0.0400 Hair2 0.4100 Hair3 0.5500 
skin 684 Hair1 0.0400 Hair2 0.4100 Hair3 0.5500 
skin 685 Hair1 0.0400 Hair2 0.4100 Hair3 0.5500 
skin 686 Hair1 0.0800 Hair2 0.4800 Hair3 0.4400 
skin 687 Hair1 0.0800 Hair2 0.4800 Hair3 0.4400 
skin 688 Hair1 0.1500 Hair2 0.5400 Hair3 0.3100 
skin 689 Hair1 0.0800 Hair2 0.4800 Hair3 0.4400 
skin 690 Hair1 0.1500 Hair2 0.5400 Hair3 0.3100 
skin 691 Neck 0.0100 Hair1 0.2600 Hair2 0.5800 Hair3 0.1500 
skin 692 Hair1 0.0800 Hair2 0.4800 Hair3 0.4400 
skin 693 Hair1 0.1500 Hair2 0.5400 Hair3 0.3100 
skin 694 Neck 0.0100 Hair1 0.2600 Hair2 0.5800 Hair3 0.1500 
skin 695 Neck 0.0400 Hair1 0.3700 Hair2 0.5300 Hair3 0.0600 
skin 696 Hair1 0.0800 Hair2 0.4800 Hair3 0.4400 
skin 697 Hair1 0.1500 Hair2 0.5400 Hair3 0.3100 
skin 698 Neck 0.0100 Hair1 0.2600 Hair2 0.5800 Hair3 0.1500 
skin 699 Neck 0.0400 Hair1 0.3700 Hair2 0.5300 Hair3 0.0600 
skin 700 Neck 0.0900 Hair1 0.4300 Hair2 0.4700 Hair3 0.0100 
skin 701 Hair1 0.0800 Hair2 0.4800 Hair3 0.4400 
skin 702 Hair1 0.1500 Hair2 0.5400 Hair3 0.3100 
skin 703 Neck 0.0100 Hair1 0.2600 Hair2 0.5800 Hair3 0.1500 
skin 704 Neck 0.0400 Hair1 0.3700 Hair2 0.5300 Hair3 0.0600 
skin 705 Neck 0.0900 Hair1 0.4300 Hair2 0.4700 Hair3 0.0100 
skin 706 Hair1 0.0800 Hair2 0.4800 Hair3 0.4400 
skin 707 Hair1 0.1500 Hair2 0.5400 Hair3 0.3100 
skin 708 Neck 0.0100 Hair1 0.2600 Hair2 0.5800 Hair3 0.1500 
skin 709 Neck 0.0400 Hair1 0.3700 Hair2 0.5300 Hair3 0.0600 
skin 710 Neck 0.0900 Hair1 0.4300 Hair2 0.4700 Hair3 0.0100 
skin 711 Neck 0.1700 Hair1 0.4400 Hair2 0.3900 
skin 712 Neck 0.1700 Hair1 0.4400 Hair2 0.3900 
skin 713 Neck 0.1700 Hair1 0.4400 Hair2 0.3900 
skin 714 Hair1 0.0800 Hair2 0.4800 Hair3 0.4400 
skin 715 Hair1 0.1500 Hair2 0.5400 Hair3 0.3100 
skin 716 Neck 0.0100 Hair1 0.2600 Hair2 0.5800 Hair3 0.1500 
skin 717 Neck 0.0400 Hair1 0.3700 Hair2 0.5300 Hair3 0.0600 
skin 718 Neck 0.0900 Hair1 0.4300 Hair2 0.4700 Hair3 0.0100 
skin 719 Neck 0.1700 Hair1 0.4400 Hair2 0.3900 
skin 720 Neck 0.2600 Hair1 0.4400 Hair2 0.3000 
skin 721 Neck 0.2600 Hair1 0.4400 Hair2 0.3000 
skin 722 Neck 0.2600 Hair1 0.4400 Hair2 0.3000 
skin 723 Neck 0.2600 Hair1 0.4400 Hair2 0.3000 
skin 724 Hair1 0.0800 Hair2 0.4800 Hair3 0.4400 
skin 725 Hair1 0.0800 Hair2 0.4800 Hair3 0.4400 
skin 726 Hair1 0.1500 Hair2 0.5400 Hair3 0.3100 
skin 727 Hair1 0.1500 Hair2 0.5400 Hair3 0.3100 
skin 728 Neck 0.0100 Hair1 0.2600 Hair2 0.5800 Hair3 0.1500 
skin 729 Neck 0.0100 Hair1 0.2600 Hair2 0.5800 Hair3 0.1500 
skin 730 Neck 0.0100 Hair1 0.2600 Hair2 0.5800 Hair3 0.1500 
skin 731 Neck 0.0400 Hair1 0.3700 Hair2 0.5300 Hair3 0.0600 
skin 732 Neck 0.0400 Hair1 0.3700 Hair2 0.5300 Hair3 0.0600 
skin 733 Neck 0.0900 Hair1 0.4300 Hair2 0.4700 Hair3 0.0100 
skin 734 Neck 0.0400 Hair1 0.3700 Hair2 0.5300 Hair3 0.0600 
skin 735 Neck 0.0900 Hair1 0.4300 Hair2 0.4700 Hair3 0.0100 
skin 736 Neck 0.0900 Hair1 0.4300 Hair2 0.4700 Hair3 0.0100 
skin 737 Neck 0.1700 Hair1 0.4400 Hair2 0.3900 
skin 738 Neck 0.1700 Hair1 0.4400 Hair2 0.3900 
skin 739 Neck 0.1700 Hair1 0.4400 Hair2 0.3900 
skin 740 Neck 0.1700 Hair1 0.4400 Hair2 0.3900 
skin 741 Neck 0.2600 Hair1 0.4400 Hair2 0.3000 
skin 742 Neck 0.2600 Hair1 0.4400 Hair2 0.3000 
skin 743 Neck 0.2600 Hair1 0.4400 Hair2 0.3000 
skin 744 Neck 0.2600 Hair1 0.4400 Hair2 0.3000 
skin 745 Neck 0.2600 Hair1 0.4400 Hair2 0.3000 
skin 746 Neck 0.3800 Hair1 0.4200 Hair2 0.2000 
skin 747 Neck 0.3800 Hair1 0.4200 Hair2 0.2000 
skin 748 Neck 0.3800 Hair1 0.4200 Hair2 0.2000 
skin 749 Neck 0.3800 Hair1 0.4200 Hair2 0.2000 
skin 750 Neck 0.3800 Hair1 0.4200 Hair2 0.2000 
skin 751 Neck 0.3800 Hair1 0.4200 Hair2 0.2000 
skin 752 Neck 0.3800 Hair1 0.4200 Hair2 0.2000 
skin 753 Neck 0.5100 Hair1 0.3700 Hair2 0.1200 
skin 754 Neck 0.5100 Hair1 0.3700 Hair2 0.1200 
skin 755 Neck 0.5100 Hair1 0.3700 Hair2 0.1200 
skin 756 Neck 0.5100 Hair1 0.3700 Hair2 0.1200 
skin 757 Neck 0.5100 Hair1 0.3700 Hair2 0.1200 
skin 758 Neck 0.5100 Hair1 0.3700 Hair2 0.1200 
skin 759 Neck 0.5100 Hair1 0.3700 Hair2 0.1200 
skin 760 Neck 0.6400 Hair1 0.3100 Hair2 0.0500 
skin 761 Neck 0.6400 Hair1 0.3100 Hair2 0.0500 
skin 762 Neck 0.6400 Hair1 0.3100 Hair2 0.0500 
skin 763 Neck 0.7700 Hair1 0.2200 Hair2 0.0100 
skin 764 Neck 0.6300 Hair1 0.3200 Hair2 0.0500 
skin 765 Neck 0.7700 Hair1 0.2200 Hair2 0.0100 
skin 766 Neck 0.6300 Hair1 0.3200 Hair2 0.0500 
skin 767 Neck 0.7700 Hair1 0.2200 Hair2 0.0100 
skin 768 Neck 0.6300 Hair1 0.3200 Hair2 0.0500 
skin 769 Neck 0.7700 Hair1 0.2200 Hair2 0.0100 
skin 770 Neck 0.7700 Hair1 0.2200 Hair2 0.0100 
skin 771 Neck 0.3800 Hair1 0.4200 Hair2 0.2000 
skin 772 Neck 0.5100 Hair1 0.3700 Hair2 0.1200 
skin 773 Neck 0.6400 Hair1 0.3100 Hair2 0.0500 
skin 774 Neck 0.7700 Hair1 0.2200 Hair2 0.0100 
skin 775 Neck 0.8600 Hair1 0.1400 
skin 776 Neck 0.8600 Hair1 0.1400 
skin 777 Neck 0.8600 Hair1 0.1400 
skin 778 Neck 0.8500 Hair1 0.1500 
skin 779 Neck 0.8500 Hair1 0.1500 
skin 780 Neck 0.3800 Hair1 0.4200 Hair2 0.2000 
skin 781 Neck 0.5100 Hair1 0.3700 Hair2 0.1200 
skin 782 Neck 0.3800 Hair1 0.4200 Hair2 0.2000 
skin 783 Neck 0.5100 Hair1 0.3700 Hair2 0.1200 
skin 784 Neck 0.6400 Hair1 0.3100 Hair2 0.0500 
skin 785 Neck 0.7700 Hair1 0.2200 Hair2 0.0100 
skin 786 Neck 0.8600 Hair1 0.1400 
skin 787 Neck 0.9100 Hair1 0.0900 
skin 788 Neck 0.9200 Hair1 0.0800 
skin 789 Neck 0.9300 Hair1 0.0700 
skin 790 Neck 0.9200 Hair1 0.0800 
skin 791 Neck 0.9200 Hair1 0.0800 
skin 792 Neck 0.9600 Hair1 0.0400 
skin 793 Neck 0.9700 Hair1 0.0300 
skin 794 Neck 0.9800 Hair1 0.0200 
skin 795 Neck 0.9600 Hair1 0.0400 
skin 796 Neck 0.9800 Hair1 0.0200 
skin 797 Neck 1.0000 
skin 798 Neck 0.9500 Hair1 0.0500 
skin 799 Neck 0.9800 Hair1 0.0200 
skin 800 Neck 1.0000 
skin 801 Neck 1.0000 
skin 802 Neck 0.9200 Hair1 0.0800 
skin 803 Neck 0.9600 Hair1 0.0400 
skin 804 Neck 0.9800 Hair1 0.0200 
skin 805 Neck 1.0000 
skin 806 Neck 0.8600 Hair1 0.1400 
skin 807 Neck 0.9300 Hair1 0.0700 
skin 808 Neck 0.9600 Hair1 0.0400 
skin 809 Neck 0.9800 Hair1 0.0200 
skin 810 Neck 0.7700 Hair1 0.2200 Hair2 0.0100 
skin 811 Neck 0.8600 Hair1 0.1400 
skin 812 Neck 0.9300 Hair1 0.0700 
skin 813 Neck 0.9700 Hair1 0.0300 
skin 814 Neck 1.0000 
skin 815 Neck 1.0000 
skin 816 Neck 0.9800 Hair1 0.0200 
skin 817 Neck 0.9600 Hair1 0.0400 
skin 818 Neck 0.6400 Hair1 0.3100 Hair2 0.0500 
skin 819 Neck 0.7700 Hair1 0.2200 Hair2 0.0100 
skin 820 Neck 0.8600 Hair1 0.1400 
skin 821 Neck 0.9300 Hair1 0.0700 
skin 822 Neck 0.9300 Hair1 0.0700 
skin 823 Neck 0.8600 Hair1 0.1400 
skin 824 Neck 0.9300 Hair1 0.0700 
skin 825 Neck 0.9600 Hair1 0.0400 
skin 826 Neck 0.9800 Hair1 0.0200 
skin 827 Neck 0.9800 Hair1 0.0200 
skin 828 Neck 0.9800 Hair1 0.0200 
skin 829 Neck 0.7700 Hair1 0.2200 Hair2 0.0100 
skin 830 Neck 0.8600 Hair1 0.1400 
skin 831 Neck 0.9200 Hair1 0.0800 
skin 832 Neck 0.9500 Hair1 0.0500 
skin 833 Neck 0.9600 Hair1 0.0400 
skin 834 Neck 0.9700 Hair1 0.0300 
skin 835 Neck 0.9600 Hair1 0.0400 
skin 836 Neck 0.6400 Hair1 0.3100 Hair2 0.0500 
skin 837 Neck 0.7700 Hair1 0.2200 Hair2 0.0100 
skin 838 Neck 0.8600 Hair1 0.1400 
skin 839 Neck 0.9100 Hair1 0.0900 
skin 840 Neck 0.9200 Hair1 0.0800 
skin 841 Neck 0.9300 Hair1 0.0700 
skin 842 Neck 0.9200 Hair1 0.0800 
skin 843 Neck 0.9200 Hair1 0.0800 
skin 844 Neck 0.8500 Hair1 0.1500 
skin 845 Neck 0.8500 Hair1 0.1500 
skin 846 Neck 0.7700 Hair1 0.2200 Hair2 0.0100 
skin 847 Neck 0.8600 Hair1 0.1400 
skin 848 Neck 0.7700 Hair1 0.2200 Hair2 0.0100 
skin 849 Neck 0.6300 Hair1 0.3200 Hair2 0.0500 
skin 850 Neck 0.8600 Hair1 0.1400 
skin 851 Neck 0.7700 Hair1 0.2200 Hair2 0.0100 
skin 852 Neck 0.6300 Hair1 0.3200 Hair2 0.0500 
skin 853 Neck 0.6300 Hair1 0.3200 Hair2 0.0500 
skin 854 Neck 0.7700 Hair1 0.2200 Hair2 0.0100 
skin 855 Neck 0.6400 Hair1 0.3100 Hair2 0.0500 
skin 856 Neck 0.8600 Hair1 0.1400 
skin 857 Neck 0.7700 Hair1 0.2200 Hair2 0.0100 
skin 858 Neck 0.7700 Hair1 0.2200 Hair2 0.0100 
skin 859 Neck 0.6400 Hair1 0.3100 Hair2 0.0500 
skin 860 Neck 0.6400 Hair1 0.3100 Hair2 0.0500 
skin 861 Neck 0.6400 Hair1 0.3100 Hair2 0.0500 
