joints Waist 0.00000000 0.27854500 0.15258948
joints Spine2 -0.00000033 0.38628400 0.16191090
joints Tail1 0.00000025 0.20224000 -0.02315600
joints RThigh -0.12452800 0.21619600 0.11404260
joints LThigh 0.12452800 0.21619700 0.11404280
joints Feeler 0.00000024 0.19952500 0.15203153
joints Head -0.00000084 0.55345600 0.20267640
joints LShoulder 0.06887710 0.44108100 0.20226320
joints RShoulder -0.06887810 0.44108100 0.20226330
joints Tail2 0.00000015 0.23938600 -0.12376700
joints RLeg -0.14545400 0.13813900 0.20554980
joints LLeg 0.14545500 0.13814000 0.20554980
joints LEar1 0.12157600 0.78206600 0.15768120
joints EndHead -0.00000172 0.84508500 0.13126670
joints REar1 -0.12157900 0.78206500 0.15768110
joints LArm 0.13452800 0.45589700 0.27585300
joints RArm -0.13452900 0.45589500 0.27585400
joints Tail3 -0.00000051 0.46785100 -0.22590900
joints RFoot -0.12860200 0.03381990 0.13186260
joints LFoot 0.12860400 0.03382080 0.13186270
joints LEar2 0.18988700 0.85186100 0.12222700
joints REar2 -0.18989100 0.85186000 0.12222670
joints LForeArm 0.19158000 0.48676800 0.35924200
joints RForeArm -0.19158100 0.48676700 0.35924100
joints EndTail3 -0.00000145 0.79135600 -0.28366700
joints RToe -0.15021800 0.01307800 0.22638290
joints LToe 0.15022000 0.01307900 0.22638470
joints LEar3 0.25523900 0.91863400 0.08830840
joints REar3 -0.25524300 0.91863300 0.08830820
joints LHand 0.23863600 0.51223000 0.42801900
joints RHand -0.23863800 0.51222800 0.42802000
joints EndLEar3 0.32645800 0.99140000 0.05134510
joints EndREar3 -0.32646300 0.99139800 0.05134460
root Waist
skin 0 LThigh 0.0100 LLeg 0.2100 LFoot 0.7800 
skin 1 LThigh 0.0100 LLeg 0.2100 LFoot 0.7800 
skin 2 LLeg 0.0800 LFoot 0.9200 
skin 3 LLeg 0.0800 LFoot 0.9200 
skin 4 LThigh 0.0100 LLeg 0.2100 LFoot 0.7800 
skin 5 LLeg 0.0200 LFoot 0.9800 
skin 6 LLeg 0.0800 LFoot 0.9200 
skin 7 LThigh 0.0100 LLeg 0.2100 LFoot 0.7800 
skin 8 LLeg 0.0200 LFoot 0.9800 
skin 9 LLeg 0.0800 LFoot 0.9200 
skin 10 LLeg 0.0200 LFoot 0.9800 
skin 11 LFoot 1.0000 
skin 12 LFoot 1.0000 
skin 13 LFoot 1.0000 
skin 14 LFoot 1.0000 
skin 15 LLeg 0.0200 LFoot 0.9800 
skin 16 LLeg 0.0800 LFoot 0.9200 
skin 17 LLeg 0.0200 LFoot 0.9800 
skin 18 LFoot 1.0000 
skin 19 LLeg 0.0200 LFoot 0.9800 
skin 20 LFoot 1.0000 
skin 21 LThigh 0.0100 LLeg 0.2100 LFoot 0.7800 
skin 22 LLeg 0.0800 LFoot 0.9200 
skin 23 LThigh 0.0100 LLeg 0.2100 LFoot 0.7800 
skin 24 LLeg 0.0200 LFoot 0.9800 
skin 25 LLeg 0.0800 LFoot 0.9200 
skin 26 LThigh 0.0100 LLeg 0.2100 LFoot 0.7800 
skin 27 LFoot 1.0000 
skin 28 LLeg 0.0200 LFoot 0.9800 
skin 29 LFoot 1.0000 
skin 30 LFoot 1.0000 
skin 31 LLeg 0.0800 LFoot 0.9200 
skin 32 LLeg 0.0200 LFoot 0.9800 
skin 33 LFoot 1.0000 
skin 34 LThigh 0.0100 LLeg 0.2100 LFoot 0.7800 
skin 35 LLeg 0.0800 LFoot 0.9200 
skin 36 LThigh 0.0100 LLeg 0.2100 LFoot 0.7800 
skin 37 LThigh 0.0100 LLeg 0.2100 LFoot 0.7800 
skin 38 LLeg 0.0700 LFoot 0.9300 
skin 39 LLeg 0.2100 LFoot 0.7900 
skin 40 LLeg 0.0200 LFoot 0.9800 
skin 41 LLeg 0.0700 LFoot 0.9300 
skin 42 LLeg 0.0200 LFoot 0.9800 
skin 43 LFoot 1.0000 
skin 44 LLeg 0.2100 LFoot 0.7900 
skin 45 LLeg 0.0500 LFoot 0.9500 
skin 46 LLeg 0.2000 LFoot 0.8000 
skin 47 LLeg 0.0100 LFoot 0.9900 
skin 48 LFoot 1.0000 
skin 49 LLeg 0.0600 LFoot 0.9000 LToe 0.0400 
skin 50 LLeg 0.2000 LFoot 0.8000 
skin 51 LLeg 0.0100 LFoot 0.7900 LToe 0.2000 
skin 52 LFoot 0.8000 LToe 0.2000 
skin 53 LFoot 0.8000 LToe 0.2000 
skin 54 LLeg 0.0100 LFoot 0.7900 LToe 0.2000 
skin 55 LFoot 0.2200 LToe 0.7800 
skin 56 LFoot 0.2200 LToe 0.7800 
skin 57 LFoot 0.2200 LToe 0.7800 
skin 58 LLeg 0.0600 LFoot 0.9000 LToe 0.0400 
skin 59 LLeg 0.2000 LFoot 0.8000 
skin 60 LLeg 0.0100 LFoot 0.7900 LToe 0.2000 
skin 61 LFoot 0.2200 LToe 0.7800 
skin 62 LFoot 0.0600 LToe 0.9400 
skin 63 LFoot 0.0600 LToe 0.9400 
skin 64 LFoot 0.0600 LToe 0.9400 
skin 65 LToe 1.0000 
skin 66 LLeg 0.0600 LFoot 0.9000 LToe 0.0400 
skin 67 LLeg 0.0100 LFoot 0.7900 LToe 0.2000 
skin 68 LLeg 0.0600 LFoot 0.9000 LToe 0.0400 
skin 69 LLeg 0.2000 LFoot 0.8000 
skin 70 LFoot 0.2200 LToe 0.7800 
skin 71 LFoot 0.2200 LToe 0.7800 
skin 72 LLeg 0.0100 LFoot 0.7900 LToe 0.2000 
skin 73 LFoot 0.0600 LToe 0.9400 
skin 74 LToe 1.0000 
skin 75 LToe 1.0000 
skin 76 LToe 1.0000 
skin 77 LToe 1.0000 
skin 78 LToe 1.0000 
skin 79 LToe 1.0000 
skin 80 LToe 1.0000 
skin 81 LToe 1.0000 
skin 82 LToe 1.0000 
skin 83 LFoot 0.0500 LToe 0.9500 
skin 84 LFoot 0.0600 LToe 0.9400 
skin 85 LFoot 0.2200 LToe 0.7800 
skin 86 LLeg 0.0100 LFoot 0.7900 LToe 0.2000 
skin 87 LLeg 0.0600 LFoot 0.9000 LToe 0.0400 
skin 88 LLeg 0.2000 LFoot 0.8000 
skin 89 LFoot 0.0600 LToe 0.9400 
skin 90 LToe 1.0000 
skin 91 LToe 1.0000 
skin 92 LToe 1.0000 
skin 93 LToe 1.0000 
skin 94 LToe 1.0000 
skin 95 LFoot 0.0500 LToe 0.9500 
skin 96 LToe 1.0000 
skin 97 LToe 1.0000 
skin 98 LToe 1.0000 
skin 99 LToe 1.0000 
skin 100 LToe 1.0000 
skin 101 LFoot 0.0600 LToe 0.9400 
skin 102 LToe 1.0000 
skin 103 LLeg 0.0100 LFoot 0.7900 LToe 0.2000 
skin 104 LFoot 0.2200 LToe 0.7800 
skin 105 LFoot 0.0600 LToe 0.9400 
skin 106 LFoot 0.2200 LToe 0.7800 
skin 107 LToe 1.0000 
skin 108 LToe 1.0000 
skin 109 LToe 1.0000 
skin 110 LToe 1.0000 
skin 111 LToe 1.0000 
skin 112 LToe 1.0000 
skin 113 LToe 1.0000 
skin 114 LToe 1.0000 
skin 115 LFoot 0.0600 LToe 0.9400 
skin 116 LFoot 0.0600 LToe 0.9400 
skin 117 LFoot 0.2200 LToe 0.7800 
skin 118 LFoot 0.8000 LToe 0.2000 
skin 119 LFoot 0.0600 LToe 0.9400 
skin 120 LFoot 0.2200 LToe 0.7800 
skin 121 LFoot 0.8000 LToe 0.2000 
skin 122 LFoot 1.0000 
skin 123 LLeg 0.0100 LFoot 0.9900 
skin 124 LFoot 1.0000 
skin 125 LLeg 0.0500 LFoot 0.9500 
skin 126 LLeg 0.0200 LFoot 0.9800 
skin 127 LFoot 1.0000 
skin 128 LLeg 0.2000 LFoot 0.8000 
skin 129 LLeg 0.0700 LFoot 0.9300 
skin 130 LLeg 0.2100 LFoot 0.7900 
skin 131 LLeg 0.0200 LFoot 0.9800 
skin 132 LLeg 0.0700 LFoot 0.9300 
skin 133 LLeg 0.0200 LFoot 0.9800 
skin 134 LFoot 1.0000 
skin 135 LThigh 0.0100 LLeg 0.2100 LFoot 0.7800 
skin 136 LThigh 0.0100 LLeg 0.2100 LFoot 0.7800 
skin 137 LLeg 0.0800 LFoot 0.9200 
skin 138 LThigh 0.0100 LLeg 0.2100 LFoot 0.7800 
skin 139 LLeg 0.0800 LFoot 0.9200 
skin 140 LLeg 0.0200 LFoot 0.9800 
skin 141 LFoot 1.0000 
skin 142 LThigh 0.1000 LLeg 0.6100 LFoot 0.2900 
skin 143 LThigh 0.1000 LLeg 0.6100 LFoot 0.2900 
skin 144 LThigh 0.1400 Feeler 0.0300 LLeg 0.6900 LFoot 0.1400 
skin 145 LThigh 0.1000 LLeg 0.6100 LFoot 0.2900 
skin 146 LThigh 0.1300 Feeler 0.0300 LLeg 0.7000 LFoot 0.1400 
skin 147 Waist 0.0100 LThigh 0.1700 Feeler 0.1600 LLeg 0.6600 
skin 148 LThigh 0.1000 LLeg 0.6100 LFoot 0.2900 
skin 149 LThigh 0.1300 Feeler 0.0300 LLeg 0.7000 LFoot 0.1400 
skin 150 LThigh 0.1700 Feeler 0.1800 LLeg 0.6500 
skin 151 LThigh 0.1900 Feeler 0.3500 LLeg 0.4600 
skin 152 LThigh 0.1000 LLeg 0.6000 LFoot 0.3000 
skin 153 LThigh 0.1300 Feeler 0.0300 LLeg 0.7000 LFoot 0.1400 
skin 154 Waist 0.0300 LThigh 0.1800 Feeler 0.1400 LLeg 0.6500 
skin 155 LThigh 0.2000 Feeler 0.3600 LLeg 0.4400 
skin 156 Waist 0.0200 LThigh 0.1800 Feeler 0.5600 LLeg 0.2400 
skin 157 LThigh 0.1000 LLeg 0.6100 LFoot 0.2900 
skin 158 LThigh 0.1400 Feeler 0.0300 LLeg 0.6900 LFoot 0.1400 
skin 159 Waist 0.0600 LThigh 0.1900 Feeler 0.1000 LLeg 0.6500 
skin 160 Waist 0.0700 LThigh 0.2100 Feeler 0.3000 LLeg 0.4200 
skin 161 Waist 0.0300 LThigh 0.1900 Feeler 0.5300 LLeg 0.2500 
skin 162 Waist 0.1000 LThigh 0.1500 Feeler 0.6300 LLeg 0.1200 
skin 163 LThigh 0.1000 LLeg 0.6100 LFoot 0.2900 
skin 164 LThigh 0.1400 Feeler 0.0100 LLeg 0.7100 LFoot 0.1400 
skin 165 Waist 0.0700 LThigh 0.2000 Feeler 0.0800 LLeg 0.6500 
skin 166 Waist 0.1400 LThigh 0.2400 Feeler 0.2000 LLeg 0.4200 
skin 167 Waist 0.1300 LThigh 0.2000 Feeler 0.4500 LLeg 0.2200 
skin 168 Waist 0.1200 LThigh 0.1400 Feeler 0.6300 LLeg 0.1100 
skin 169 Waist 0.2900 Feeler 0.6900 LLeg 0.0200 
skin 170 LThigh 0.1000 LLeg 0.6200 LFoot 0.2800 
skin 171 LThigh 0.1600 LLeg 0.7100 LFoot 0.1300 
skin 172 Waist 0.1100 LThigh 0.2500 LLeg 0.6400 
skin 173 Waist 0.1800 LThigh 0.2400 Feeler 0.1400 LLeg 0.4400 
skin 174 Waist 0.2500 LThigh 0.2200 Feeler 0.3100 LLeg 0.2200 
skin 175 Waist 0.2000 LThigh 0.1300 Feeler 0.5700 LLeg 0.1000 
skin 176 Waist 0.1800 LThigh 0.0900 Feeler 0.7000 LLeg 0.0300 
skin 177 LThigh 0.1000 LLeg 0.6200 LFoot 0.2800 
skin 178 LThigh 0.1900 LLeg 0.6800 LFoot 0.1300 
skin 179 Waist 0.0900 LThigh 0.2500 LLeg 0.6600 
skin 180 Waist 0.2700 LThigh 0.2600 LLeg 0.4700 
skin 181 Waist 0.3500 LThigh 0.2500 Feeler 0.1800 LLeg 0.2200 
skin 182 Waist 0.3500 LThigh 0.1300 Feeler 0.4400 LLeg 0.0800 
skin 183 Waist 0.2400 LThigh 0.0800 Feeler 0.6600 LLeg 0.0200 
skin 184 Waist 0.1900 LThigh 0.0600 Feeler 0.7500 
skin 185 Waist 0.3000 LThigh 0.0200 Feeler 0.6800 
skin 186 LThigh 0.1000 LLeg 0.6100 LFoot 0.2900 
skin 187 Waist 0.0100 LThigh 0.1800 LLeg 0.6900 LFoot 0.1200 
skin 188 Waist 0.0800 LThigh 0.2600 LLeg 0.6600 
skin 189 Waist 0.2300 LThigh 0.2900 LLeg 0.4800 
skin 190 Waist 0.4500 LThigh 0.2200 Feeler 0.0500 LLeg 0.2800 
skin 191 Waist 0.4800 LThigh 0.2300 Feeler 0.2900 
skin 192 Waist 0.3900 Spine2 0.0100 LThigh 0.0800 Feeler 0.5200 
skin 193 Waist 0.2500 LThigh 0.0500 Feeler 0.7000 
skin 194 Waist 0.2000 LThigh 0.0300 Feeler 0.7700 
skin 195 Waist 0.2900 LThigh 0.0200 Feeler 0.6900 
skin 196 Waist 0.0100 LThigh 0.1800 LLeg 0.6900 LFoot 0.1200 
skin 197 Waist 0.0700 LThigh 0.2500 LLeg 0.6400 LFoot 0.0400 
skin 198 Waist 0.2300 LThigh 0.3100 LLeg 0.4600 
skin 199 Waist 0.4600 LThigh 0.2900 LLeg 0.2500 
skin 200 Waist 0.6900 LThigh 0.2200 Feeler 0.0900 
skin 201 Waist 0.4900 LThigh 0.1200 Feeler 0.3900 
skin 202 Waist 0.3900 Spine2 0.0100 LThigh 0.0300 Feeler 0.5700 
skin 203 Waist 0.2400 LThigh 0.0300 Feeler 0.7300 
skin 204 LThigh 0.1000 LLeg 0.6100 LFoot 0.2900 
skin 205 Waist 0.0100 LThigh 0.1800 LLeg 0.6900 LFoot 0.1200 
skin 206 Waist 0.0700 LThigh 0.2500 LLeg 0.6500 LFoot 0.0300 
skin 207 Waist 0.2200 LThigh 0.3300 LLeg 0.4500 
skin 208 Waist 0.4200 LThigh 0.3600 LLeg 0.2200 
skin 209 Waist 0.7100 Spine2 0.0400 LThigh 0.2500 
skin 210 Waist 0.6800 LThigh 0.0800 Feeler 0.2400 
skin 211 Waist 0.5000 LThigh 0.0500 Feeler 0.4500 
skin 212 Waist 0.3700 Spine2 0.0200 LThigh 0.0100 Feeler 0.6000 
skin 213 Waist 0.2300 RThigh 0.0100 LThigh 0.0100 Feeler 0.7500 
skin 214 Waist 0.1800 RThigh 0.0200 LThigh 0.0200 Feeler 0.7800 
skin 215 Waist 0.2700 RThigh 0.0200 LThigh 0.0200 Feeler 0.6900 
skin 216 Waist 0.3900 Feeler 0.6100 
skin 217 Waist 0.5200 LThigh 0.0100 Feeler 0.4700 
skin 218 Waist 0.5200 Feeler 0.4800 
skin 219 Waist 0.5700 Feeler 0.4300 
skin 220 Waist 0.6200 LThigh 0.0200 Feeler 0.3600 
skin 221 Waist 0.5700 Feeler 0.4300 
skin 222 Waist 0.5800 Spine2 0.1600 Feeler 0.2600 
skin 223 Waist 0.6000 Spine2 0.1500 Feeler 0.2500 
skin 224 Waist 0.5500 Spine2 0.3500 Feeler 0.1000 
skin 225 Waist 0.6500 Spine2 0.1500 Feeler 0.2000 
skin 226 Waist 0.5600 Spine2 0.3400 Feeler 0.1000 
skin 227 Waist 0.4500 Spine2 0.5500 
skin 228 Waist 0.7500 Spine2 0.1500 Feeler 0.1000 
skin 229 Waist 0.5700 Spine2 0.3300 Feeler 0.1000 
skin 230 Waist 0.4600 Spine2 0.5400 
skin 231 Waist 0.2800 Spine2 0.7200 
skin 232 Waist 0.6200 Spine2 0.0700 LThigh 0.3100 
skin 233 Waist 0.6000 Spine2 0.3000 Feeler 0.1000 
skin 234 Waist 0.6100 Spine2 0.3200 LThigh 0.0700 
skin 235 Waist 0.4900 Spine2 0.5100 
skin 236 Waist 0.5400 Spine2 0.4600 
skin 237 Waist 0.2800 Spine2 0.7200 
skin 238 Waist 0.1400 Spine2 0.8600 
skin 239 Waist 0.1400 Spine2 0.8600 
skin 240 Waist 0.2900 Spine2 0.7100 
skin 241 Waist 0.1500 Spine2 0.8500 
skin 242 Waist 0.3200 Spine2 0.6800 
skin 243 Waist 0.1500 Spine2 0.8500 
skin 244 Waist 0.3800 Spine2 0.6200 
skin 245 Waist 0.4200 LThigh 0.3800 LLeg 0.2000 
skin 246 Waist 0.5800 Spine2 0.0900 LThigh 0.3300 
skin 247 Waist 0.6400 Spine2 0.3000 LThigh 0.0600 
skin 248 Waist 0.4200 Spine2 0.5800 
skin 249 Waist 0.2200 LThigh 0.3100 LLeg 0.4700 
skin 250 Waist 0.4200 LThigh 0.3800 LLeg 0.2000 
skin 251 Waist 0.5900 Spine2 0.0900 LThigh 0.3200 
skin 252 Waist 0.6500 Spine2 0.2800 LThigh 0.0700 
skin 253 Waist 0.4200 Spine2 0.5800 
skin 254 Waist 0.0600 LThigh 0.2500 LLeg 0.6400 LFoot 0.0500 
skin 255 Waist 0.2200 LThigh 0.3100 LLeg 0.4700 
skin 256 Waist 0.4100 LThigh 0.4000 LLeg 0.1900 
skin 257 Waist 0.2200 LThigh 0.3100 LLeg 0.4700 
skin 258 Waist 0.0600 LThigh 0.2500 LLeg 0.6500 LFoot 0.0400 
skin 259 Waist 0.5900 Spine2 0.0900 LThigh 0.3200 
skin 260 Waist 0.4000 LThigh 0.3900 LLeg 0.2100 
skin 261 Waist 0.6400 Spine2 0.2700 LThigh 0.0900 
skin 262 Waist 0.6000 Spine2 0.0900 LThigh 0.3100 
skin 263 Waist 0.4100 Spine2 0.5900 
skin 264 Waist 0.6500 Spine2 0.2500 LThigh 0.1000 
skin 265 Waist 0.4500 Spine2 0.5500 
skin 266 Waist 0.5000 Spine2 0.5000 
skin 267 Waist 0.6700 Spine2 0.2200 LThigh 0.1100 
skin 268 Waist 0.6300 Spine2 0.0700 LThigh 0.3000 
skin 269 Waist 0.3900 LThigh 0.4000 LLeg 0.2100 
skin 270 Waist 0.2200 LThigh 0.3200 LLeg 0.4600 
skin 271 Waist 0.5300 Spine2 0.4700 
skin 272 Waist 0.2300 Spine2 0.7700 
skin 273 Waist 0.6600 Spine2 0.2200 LThigh 0.1200 
skin 274 Waist 0.6700 Spine2 0.0600 LThigh 0.2700 
skin 275 Waist 0.3900 LThigh 0.4000 LLeg 0.2100 
skin 276 LThigh 0.1800 LLeg 0.6900 LFoot 0.1300 
skin 277 Waist 0.0600 LThigh 0.2500 LLeg 0.6500 LFoot 0.0400 
skin 278 Waist 0.2000 LThigh 0.3300 LLeg 0.4700 
skin 279 Waist 0.2800 Spine2 0.7200 
skin 280 Waist 0.1300 Spine2 0.8700 
skin 281 Waist 0.2000 Spine2 0.8000 
skin 282 Waist 0.5800 Spine2 0.4200 
skin 283 Waist 0.3500 Spine2 0.6500 
skin 284 Waist 0.2900 Spine2 0.7100 
skin 285 Waist 0.6400 Spine2 0.1900 LThigh 0.1700 
skin 286 Waist 0.6200 Spine2 0.3800 
skin 287 Waist 0.4400 Spine2 0.5600 
skin 288 Waist 0.3300 Spine2 0.6700 
skin 289 Waist 0.6700 Spine2 0.0400 LThigh 0.2900 
skin 290 Waist 0.6600 Spine2 0.1600 LThigh 0.1800 
skin 291 Waist 0.6500 Spine2 0.3500 
skin 292 Waist 0.5100 Spine2 0.4900 
skin 293 Waist 0.3500 Spine2 0.6500 
skin 294 Waist 0.3700 LThigh 0.4000 LLeg 0.2300 
skin 295 Waist 0.6600 Spine2 0.0300 LThigh 0.3100 
skin 296 Waist 0.7200 Spine2 0.1500 LThigh 0.1300 
skin 297 Waist 0.6900 Spine2 0.3100 
skin 298 Waist 0.5400 Spine2 0.4600 
skin 299 Waist 0.3600 Spine2 0.6400 
skin 300 LThigh 0.1000 LLeg 0.6100 LFoot 0.2900 
skin 301 Waist 0.2100 LThigh 0.3300 LLeg 0.4600 
skin 302 Waist 0.3500 LThigh 0.4200 LLeg 0.2300 
skin 303 Waist 0.6900 Spine2 0.0400 LThigh 0.2700 
skin 304 Waist 0.7400 Spine2 0.2600 
skin 305 Waist 0.5600 Spine2 0.4400 
skin 306 Waist 0.3400 Spine2 0.6600 
skin 307 Waist 0.5700 Spine2 0.4300 
skin 308 Waist 0.7500 Spine2 0.2500 
skin 309 Waist 0.7500 Spine2 0.2500 
skin 310 Waist 0.8700 Spine2 0.1300 
skin 311 Waist 0.8500 Spine2 0.1200 LThigh 0.0300 
skin 312 Waist 1.0000 
skin 313 Waist 0.8100 Spine2 0.1100 LThigh 0.0800 
skin 314 Waist 0.9300 LThigh 0.0700 
skin 315 Waist 0.9600 Feeler 0.0400 
skin 316 Waist 0.7400 Spine2 0.0900 LThigh 0.1700 
skin 317 Waist 0.7100 Spine2 0.0400 LThigh 0.2500 
skin 318 Waist 0.8200 LThigh 0.1800 
skin 319 Waist 0.8700 LThigh 0.1300 
skin 320 Waist 0.8000 LThigh 0.0900 Feeler 0.1100 
skin 321 Waist 0.6900 LThigh 0.1600 Feeler 0.1500 
skin 322 Waist 0.7200 Feeler 0.2800 
skin 323 Waist 0.5900 LThigh 0.0800 Feeler 0.3300 
skin 324 Waist 0.4700 RThigh 0.0100 LThigh 0.0100 Feeler 0.5100 
skin 325 Waist 0.4700 LThigh 0.3500 LLeg 0.1800 
skin 326 Waist 0.2000 LThigh 0.3600 LLeg 0.4400 
skin 327 Waist 0.6900 LThigh 0.2400 LLeg 0.0700 
skin 328 Waist 0.5900 LThigh 0.2200 Feeler 0.1900 
skin 329 Waist 0.4600 LThigh 0.3600 LLeg 0.1800 
skin 330 Waist 0.1900 LThigh 0.3900 LLeg 0.4200 
skin 331 Waist 0.4800 LThigh 0.1500 Feeler 0.3700 
skin 332 Waist 0.4100 LThigh 0.0600 Feeler 0.5300 
skin 333 Waist 0.3400 LThigh 0.1100 Feeler 0.5500 
skin 334 Waist 0.3800 LThigh 0.2000 Feeler 0.4200 
skin 335 Waist 0.2400 LThigh 0.1600 Feeler 0.5800 LLeg 0.0200 
skin 336 Waist 0.4200 LThigh 0.3200 Feeler 0.2600 
skin 337 Waist 0.2500 LThigh 0.2500 Feeler 0.4300 LLeg 0.0700 
skin 338 Waist 0.1500 LThigh 0.1900 Feeler 0.5600 LLeg 0.1000 
skin 339 Waist 0.3600 LThigh 0.3500 Feeler 0.0700 LLeg 0.2200 
skin 340 Waist 0.2400 LThigh 0.3400 Feeler 0.1900 LLeg 0.2300 
skin 341 Waist 0.1400 LThigh 0.2800 Feeler 0.3200 LLeg 0.2600 
skin 342 Waist 0.0400 LThigh 0.2100 Feeler 0.4400 LLeg 0.3100 
skin 343 Waist 0.2100 LThigh 0.3500 LLeg 0.4400 
skin 344 Waist 0.1900 LThigh 0.3300 Feeler 0.0500 LLeg 0.4300 
skin 345 Waist 0.1200 LThigh 0.3100 Feeler 0.1300 LLeg 0.4400 
skin 346 Waist 0.0700 LThigh 0.2600 Feeler 0.1800 LLeg 0.4900 
skin 347 LThigh 0.2200 Feeler 0.2700 LLeg 0.5100 
skin 348 Waist 0.0700 LThigh 0.2900 LLeg 0.6000 LFoot 0.0400 
skin 349 Waist 0.1000 LThigh 0.2600 LLeg 0.6000 LFoot 0.0400 
skin 350 Waist 0.0900 LThigh 0.2500 Feeler 0.0400 LLeg 0.6200 
skin 351 Waist 0.0700 LThigh 0.2300 Feeler 0.0800 LLeg 0.6200 
skin 352 Waist 0.0300 LThigh 0.2100 Feeler 0.1100 LLeg 0.6500 
skin 353 LThigh 0.1800 Feeler 0.1300 LLeg 0.6900 
skin 354 LThigh 0.1800 Feeler 0.0200 LLeg 0.6800 LFoot 0.1200 
skin 355 LThigh 0.1900 Feeler 0.0300 LLeg 0.6600 LFoot 0.1200 
skin 356 LThigh 0.1900 Feeler 0.0400 LLeg 0.6500 LFoot 0.1200 
skin 357 LThigh 0.1900 Feeler 0.0400 LLeg 0.6500 LFoot 0.1200 
skin 358 LThigh 0.1700 Feeler 0.0400 LLeg 0.6700 LFoot 0.1200 
skin 359 LThigh 0.1400 Feeler 0.0200 LLeg 0.7000 LFoot 0.1400 
skin 360 Waist 0.0600 LThigh 0.2800 LLeg 0.6200 LFoot 0.0400 
skin 361 LThigh 0.1900 LLeg 0.6800 LFoot 0.1300 
skin 362 LThigh 0.1000 LLeg 0.6100 LFoot 0.2900 
skin 363 LThigh 0.1200 LLeg 0.6000 LFoot 0.2800 
skin 364 LThigh 0.1000 LLeg 0.6000 LFoot 0.3000 
skin 365 LThigh 0.1200 LLeg 0.5900 LFoot 0.2900 
skin 366 LThigh 0.1200 LLeg 0.5900 LFoot 0.2900 
skin 367 LThigh 0.1100 LLeg 0.6000 LFoot 0.2900 
skin 368 LThigh 0.1100 LLeg 0.6000 LFoot 0.2900 
skin 369 LThigh 0.1000 LLeg 0.6100 LFoot 0.2900 
skin 370 Waist 0.0100 LThigh 0.1800 LLeg 0.6900 LFoot 0.1200 
skin 371 LThigh 0.1000 LLeg 0.6000 LFoot 0.3000 
skin 372 Waist 0.0600 LThigh 0.2500 LLeg 0.6400 LFoot 0.0500 
skin 373 LThigh 0.1800 LLeg 0.6900 LFoot 0.1300 
skin 374 Waist 0.0600 LThigh 0.2500 LLeg 0.6500 LFoot 0.0400 
skin 375 LThigh 0.1800 LLeg 0.6900 LFoot 0.1300 
skin 376 LThigh 0.1000 LLeg 0.6100 LFoot 0.2900 
skin 377 Waist 0.2900 RThigh 0.0200 Feeler 0.6900 
skin 378 Waist 0.2000 RThigh 0.0300 Feeler 0.7700 
skin 379 Waist 0.3000 RThigh 0.0200 Feeler 0.6800 
skin 380 Waist 0.1900 RThigh 0.0600 Feeler 0.7500 
skin 381 Waist 0.2900 Feeler 0.6900 RLeg 0.0200 
skin 382 Waist 0.2400 RThigh 0.0300 Feeler 0.7300 
skin 383 Waist 0.2500 RThigh 0.0500 Feeler 0.7000 
skin 384 Waist 0.1800 RThigh 0.0900 Feeler 0.7000 RLeg 0.0300 
skin 385 Waist 0.2400 RThigh 0.0800 Feeler 0.6600 RLeg 0.0200 
skin 386 Waist 0.3700 Spine2 0.0200 RThigh 0.0100 Feeler 0.6000 
skin 387 Waist 0.3900 Spine2 0.0100 RThigh 0.0300 Feeler 0.5700 
skin 388 Waist 0.3900 Spine2 0.0100 RThigh 0.0800 Feeler 0.5200 
skin 389 Waist 0.1200 RThigh 0.1400 Feeler 0.6300 RLeg 0.1100 
skin 390 Waist 0.1000 RThigh 0.1500 Feeler 0.6300 RLeg 0.1200 
skin 391 Waist 0.2000 RThigh 0.1300 Feeler 0.5700 RLeg 0.1000 
skin 392 Waist 0.3500 RThigh 0.1300 Feeler 0.4400 RLeg 0.0800 
skin 393 Waist 0.5200 RThigh 0.0100 Feeler 0.4700 
skin 394 Waist 0.5000 RThigh 0.0500 Feeler 0.4500 
skin 395 Waist 0.4900 RThigh 0.1200 Feeler 0.3900 
skin 396 Waist 0.4800 RThigh 0.2300 Feeler 0.2900 
skin 397 Waist 0.0300 RThigh 0.1900 Feeler 0.5300 RLeg 0.2500 
skin 398 Waist 0.0200 RThigh 0.1800 Feeler 0.5600 RLeg 0.2400 
skin 399 Waist 0.1300 RThigh 0.2000 Feeler 0.4500 RLeg 0.2200 
skin 400 Waist 0.2500 RThigh 0.2200 Feeler 0.3100 RLeg 0.2200 
skin 401 Waist 0.3500 RThigh 0.2500 Feeler 0.1800 RLeg 0.2200 
skin 402 Waist 0.5700 Feeler 0.4300 
skin 403 Waist 0.6200 RThigh 0.0200 Feeler 0.3600 
skin 404 Waist 0.6000 Spine2 0.1500 Feeler 0.2500 
skin 405 Waist 0.6800 RThigh 0.0800 Feeler 0.2400 
skin 406 Waist 0.6500 Spine2 0.1500 Feeler 0.2000 
skin 407 Waist 0.5600 Spine2 0.3400 Feeler 0.1000 
skin 408 Waist 0.6900 RThigh 0.2200 Feeler 0.0900 
skin 409 Waist 0.4500 RThigh 0.2200 Feeler 0.0500 RLeg 0.2800 
skin 410 RThigh 0.2000 Feeler 0.3600 RLeg 0.4400 
skin 411 RThigh 0.1900 Feeler 0.3500 RLeg 0.4600 
skin 412 Waist 0.0700 RThigh 0.2100 Feeler 0.3000 RLeg 0.4200 
skin 413 Waist 0.1400 RThigh 0.2400 Feeler 0.2000 RLeg 0.4200 
skin 414 Waist 0.1800 RThigh 0.2400 Feeler 0.1400 RLeg 0.4400 
skin 415 Waist 0.2700 RThigh 0.2600 RLeg 0.4700 
skin 416 Waist 0.5700 Spine2 0.3300 Feeler 0.1000 
skin 417 Waist 0.4600 Spine2 0.5400 
skin 418 Waist 0.7500 Spine2 0.1500 Feeler 0.1000 
skin 419 Waist 0.7100 Spine2 0.0400 RThigh 0.2500 
skin 420 Waist 0.4600 RThigh 0.2900 RLeg 0.2500 
skin 421 Waist 0.2300 RThigh 0.2900 RLeg 0.4800 
skin 422 RThigh 0.1700 Feeler 0.1800 RLeg 0.6500 
skin 423 Waist 0.0100 RThigh 0.1700 Feeler 0.1600 RLeg 0.6600 
skin 424 Waist 0.0300 RThigh 0.1800 Feeler 0.1400 RLeg 0.6500 
skin 425 Waist 0.0600 RThigh 0.1900 Feeler 0.1000 RLeg 0.6500 
skin 426 Waist 0.0700 RThigh 0.2000 Feeler 0.0800 RLeg 0.6500 
skin 427 Waist 0.1100 RThigh 0.2500 RLeg 0.6400 
skin 428 Waist 0.0900 RThigh 0.2500 RLeg 0.6600 
skin 429 Waist 0.2800 Spine2 0.7200 
skin 430 Waist 0.1400 Spine2 0.8600 
skin 431 Waist 0.4900 Spine2 0.5100 
skin 432 Waist 0.2900 Spine2 0.7100 
skin 433 Waist 0.1500 Spine2 0.8500 
skin 434 Waist 0.3200 Spine2 0.6800 
skin 435 Waist 0.1500 Spine2 0.8500 
skin 436 Waist 0.3800 Spine2 0.6200 
skin 437 Waist 0.5400 Spine2 0.4600 
skin 438 Waist 0.6000 Spine2 0.3000 Feeler 0.1000 
skin 439 Waist 0.6100 Spine2 0.3200 RThigh 0.0700 
skin 440 RThigh 0.1300 Feeler 0.0300 RLeg 0.7000 RFoot 0.1400 
skin 441 RThigh 0.1400 Feeler 0.0300 RLeg 0.6900 RFoot 0.1400 
skin 442 RThigh 0.1300 Feeler 0.0300 RLeg 0.7000 RFoot 0.1400 
skin 443 RThigh 0.1300 Feeler 0.0300 RLeg 0.7000 RFoot 0.1400 
skin 444 RThigh 0.1400 Feeler 0.0300 RLeg 0.6900 RFoot 0.1400 
skin 445 RThigh 0.1400 Feeler 0.0100 RLeg 0.7100 RFoot 0.1400 
skin 446 RThigh 0.1600 RLeg 0.7100 RFoot 0.1300 
skin 447 RThigh 0.1000 RLeg 0.6100 RFoot 0.2900 
skin 448 RThigh 0.1000 RLeg 0.6100 RFoot 0.2900 
skin 449 RThigh 0.1000 RLeg 0.6100 RFoot 0.2900 
skin 450 RThigh 0.1000 RLeg 0.6100 RFoot 0.2900 
skin 451 RThigh 0.1000 RLeg 0.6000 RFoot 0.3000 
skin 452 RThigh 0.1000 RLeg 0.6100 RFoot 0.2900 
skin 453 RThigh 0.1000 RLeg 0.6100 RFoot 0.2900 
skin 454 RThigh 0.0100 RLeg 0.2100 RFoot 0.7800 
skin 455 RThigh 0.0100 RLeg 0.2100 RFoot 0.7800 
skin 456 RThigh 0.0100 RLeg 0.2100 RFoot 0.7800 
skin 457 RThigh 0.0100 RLeg 0.2100 RFoot 0.7800 
skin 458 RLeg 0.2100 RFoot 0.7900 
skin 459 RLeg 0.2000 RFoot 0.8000 
skin 460 RLeg 0.2000 RFoot 0.8000 
skin 461 RLeg 0.2000 RFoot 0.8000 
skin 462 RThigh 0.1000 RLeg 0.6200 RFoot 0.2800 
skin 463 RLeg 0.2000 RFoot 0.8000 
skin 464 RThigh 0.1900 RLeg 0.6800 RFoot 0.1300 
skin 465 RThigh 0.1000 RLeg 0.6200 RFoot 0.2800 
skin 466 RLeg 0.2000 RFoot 0.8000 
skin 467 Waist 0.0800 RThigh 0.2600 RLeg 0.6600 
skin 468 Waist 0.0100 RThigh 0.1800 RLeg 0.6900 RFoot 0.1200 
skin 469 RThigh 0.1000 RLeg 0.6100 RFoot 0.2900 
skin 470 Waist 0.2300 RThigh 0.3100 RLeg 0.4600 
skin 471 Waist 0.0700 RThigh 0.2500 RLeg 0.6400 RFoot 0.0400 
skin 472 Waist 0.0100 RThigh 0.1800 RLeg 0.6900 RFoot 0.1200 
skin 473 Waist 0.4200 RThigh 0.3600 RLeg 0.2200 
skin 474 Waist 0.2200 RThigh 0.3300 RLeg 0.4500 
skin 475 Waist 0.0700 RThigh 0.2500 RLeg 0.6500 RFoot 0.0300 
skin 476 Waist 0.0100 RThigh 0.1800 RLeg 0.6900 RFoot 0.1200 
skin 477 RThigh 0.1000 RLeg 0.6100 RFoot 0.2900 
skin 478 RLeg 0.2000 RFoot 0.8000 
skin 479 Waist 0.6200 Spine2 0.0700 RThigh 0.3100 
skin 480 Waist 0.4200 RThigh 0.3800 RLeg 0.2000 
skin 481 Waist 0.5800 Spine2 0.0900 RThigh 0.3300 
skin 482 Waist 0.2200 RThigh 0.3100 RLeg 0.4700 
skin 483 Waist 0.4200 RThigh 0.3800 RLeg 0.2000 
skin 484 Waist 0.0600 RThigh 0.2500 RLeg 0.6400 RFoot 0.0500 
skin 485 Waist 0.2200 RThigh 0.3100 RLeg 0.4700 
skin 486 RThigh 0.1800 RLeg 0.6900 RFoot 0.1300 
skin 487 RThigh 0.1000 RLeg 0.6100 RFoot 0.2900 
skin 488 Waist 0.0600 RThigh 0.2500 RLeg 0.6500 RFoot 0.0400 
skin 489 Waist 0.2200 RThigh 0.3100 RLeg 0.4700 
skin 490 Waist 0.4100 RThigh 0.4000 RLeg 0.1900 
skin 491 Waist 0.5900 Spine2 0.0900 RThigh 0.3200 
skin 492 Waist 0.6400 Spine2 0.3000 RThigh 0.0600 
skin 493 Waist 0.4200 Spine2 0.5800 
skin 494 Waist 0.6500 Spine2 0.2800 RThigh 0.0700 
skin 495 Waist 0.4200 Spine2 0.5800 
skin 496 Waist 0.5900 Spine2 0.0900 RThigh 0.3200 
skin 497 Waist 0.6400 Spine2 0.2700 RThigh 0.0900 
skin 498 Waist 0.4100 Spine2 0.5900 
skin 499 Waist 0.4000 RThigh 0.3900 RLeg 0.2100 
skin 500 Waist 0.6000 Spine2 0.0900 RThigh 0.3100 
skin 501 Waist 0.6500 Spine2 0.2500 RThigh 0.1000 
skin 502 Waist 0.4500 Spine2 0.5500 
skin 503 Waist 0.5000 Spine2 0.5000 
skin 504 Waist 0.6700 Spine2 0.2200 RThigh 0.1100 
skin 505 Waist 0.6300 Spine2 0.0700 RThigh 0.3000 
skin 506 Waist 0.3900 RThigh 0.4000 RLeg 0.2100 
skin 507 Waist 0.2200 RThigh 0.3200 RLeg 0.4600 
skin 508 Waist 0.0600 RThigh 0.2500 RLeg 0.6500 RFoot 0.0400 
skin 509 Waist 0.5300 Spine2 0.4700 
skin 510 Waist 0.2300 Spine2 0.7700 
skin 511 Waist 0.6600 Spine2 0.2200 RThigh 0.1200 
skin 512 Waist 0.6700 Spine2 0.0600 RThigh 0.2700 
skin 513 Waist 0.3900 RThigh 0.4000 RLeg 0.2100 
skin 514 Waist 0.2000 RThigh 0.3300 RLeg 0.4700 
skin 515 Waist 0.2800 Spine2 0.7200 
skin 516 Waist 0.1300 Spine2 0.8700 
skin 517 Waist 0.2000 Spine2 0.8000 
skin 518 Waist 0.5800 Spine2 0.4200 
skin 519 Waist 0.3500 Spine2 0.6500 
skin 520 Waist 0.2900 Spine2 0.7100 
skin 521 Waist 0.6400 Spine2 0.1900 RThigh 0.1700 
skin 522 Waist 0.6200 Spine2 0.3800 
skin 523 Waist 0.4400 Spine2 0.5600 
skin 524 Waist 0.3300 Spine2 0.6700 
skin 525 Waist 0.6700 Spine2 0.0400 RThigh 0.2900 
skin 526 Waist 0.6600 Spine2 0.1600 RThigh 0.1800 
skin 527 Waist 0.6500 Spine2 0.3500 
skin 528 Waist 0.5100 Spine2 0.4900 
skin 529 Waist 0.3500 Spine2 0.6500 
skin 530 Waist 0.3700 RThigh 0.4000 RLeg 0.2300 
skin 531 Waist 0.6600 Spine2 0.0300 RThigh 0.3100 
skin 532 Waist 0.7200 Spine2 0.1500 RThigh 0.1300 
skin 533 Waist 0.6900 Spine2 0.3100 
skin 534 Waist 0.5400 Spine2 0.4600 
skin 535 Waist 0.3600 Spine2 0.6400 
skin 536 Waist 0.0600 RThigh 0.2500 RLeg 0.6500 RFoot 0.0400 
skin 537 Waist 0.2100 RThigh 0.3300 RLeg 0.4600 
skin 538 Waist 0.3500 RThigh 0.4200 RLeg 0.2300 
skin 539 Waist 0.6900 Spine2 0.0400 RThigh 0.2700 
skin 540 Waist 0.7400 Spine2 0.2600 
skin 541 Waist 0.5600 Spine2 0.4400 
skin 542 Waist 0.7500 Spine2 0.2500 
skin 543 Waist 0.8500 Spine2 0.1200 RThigh 0.0300 
skin 544 Waist 0.8100 Spine2 0.1100 RThigh 0.0800 
skin 545 Waist 0.9300 RThigh 0.0700 
skin 546 Waist 0.7400 Spine2 0.0900 RThigh 0.1700 
skin 547 Waist 0.7100 Spine2 0.0400 RThigh 0.2500 
skin 548 Waist 0.8200 RThigh 0.1800 
skin 549 Waist 0.8700 RThigh 0.1300 
skin 550 Waist 0.8000 RThigh 0.0900 Feeler 0.1100 
skin 551 Waist 0.6900 RThigh 0.1600 Feeler 0.1500 
skin 552 Waist 0.5900 RThigh 0.0800 Feeler 0.3300 
skin 553 Waist 0.4700 RThigh 0.3500 RLeg 0.1800 
skin 554 Waist 0.2000 RThigh 0.3600 RLeg 0.4400 
skin 555 Waist 0.5900 RThigh 0.2200 Feeler 0.1900 
skin 556 Waist 0.6900 RThigh 0.2400 RLeg 0.0700 
skin 557 Waist 0.4600 RThigh 0.3600 RLeg 0.1800 
skin 558 Waist 0.1900 RThigh 0.3900 RLeg 0.4200 
skin 559 Waist 0.4800 RThigh 0.1500 Feeler 0.3700 
skin 560 Waist 0.4100 RThigh 0.0600 Feeler 0.5300 
skin 561 Waist 0.3400 RThigh 0.1100 Feeler 0.5500 
skin 562 Waist 0.3800 RThigh 0.2000 Feeler 0.4200 
skin 563 Waist 0.2400 RThigh 0.1600 Feeler 0.5800 RLeg 0.0200 
skin 564 Waist 0.4200 RThigh 0.3200 Feeler 0.2600 
skin 565 Waist 0.2500 RThigh 0.2500 Feeler 0.4300 RLeg 0.0700 
skin 566 Waist 0.1500 RThigh 0.1900 Feeler 0.5600 RLeg 0.1000 
skin 567 Waist 0.3600 RThigh 0.3500 Feeler 0.0700 RLeg 0.2200 
skin 568 Waist 0.2400 RThigh 0.3400 Feeler 0.1900 RLeg 0.2300 
skin 569 Waist 0.1400 RThigh 0.2800 Feeler 0.3200 RLeg 0.2600 
skin 570 Waist 0.0400 RThigh 0.2100 Feeler 0.4400 RLeg 0.3100 
skin 571 Waist 0.2100 RThigh 0.3500 RLeg 0.4400 
skin 572 Waist 0.1900 RThigh 0.3300 Feeler 0.0500 RLeg 0.4300 
skin 573 Waist 0.1200 RThigh 0.3100 Feeler 0.1300 RLeg 0.4400 
skin 574 Waist 0.0700 RThigh 0.2600 Feeler 0.1800 RLeg 0.4900 
skin 575 RThigh 0.2200 Feeler 0.2700 RLeg 0.5100 
skin 576 Waist 0.0700 RThigh 0.2900 RLeg 0.6000 RFoot 0.0400 
skin 577 Waist 0.1000 RThigh 0.2600 RLeg 0.6000 RFoot 0.0400 
skin 578 Waist 0.0900 RThigh 0.2500 Feeler 0.0400 RLeg 0.6200 
skin 579 Waist 0.0700 RThigh 0.2300 Feeler 0.0800 RLeg 0.6200 
skin 580 Waist 0.0300 RThigh 0.2100 Feeler 0.1100 RLeg 0.6500 
skin 581 RThigh 0.1800 Feeler 0.1300 RLeg 0.6900 
skin 582 RThigh 0.1800 Feeler 0.0200 RLeg 0.6800 RFoot 0.1200 
skin 583 RThigh 0.1900 Feeler 0.0300 RLeg 0.6600 RFoot 0.1200 
skin 584 RThigh 0.1900 Feeler 0.0400 RLeg 0.6500 RFoot 0.1200 
skin 585 RThigh 0.1900 Feeler 0.0400 RLeg 0.6500 RFoot 0.1200 
skin 586 RThigh 0.1700 Feeler 0.0400 RLeg 0.6700 RFoot 0.1200 
skin 587 RThigh 0.1400 Feeler 0.0200 RLeg 0.7000 RFoot 0.1400 
skin 588 Waist 0.0600 RThigh 0.2800 RLeg 0.6200 RFoot 0.0400 
skin 589 RThigh 0.1900 RLeg 0.6800 RFoot 0.1300 
skin 590 RThigh 0.1000 RLeg 0.6100 RFoot 0.2900 
skin 591 RThigh 0.1000 RLeg 0.6000 RFoot 0.3000 
skin 592 RThigh 0.1200 RLeg 0.6000 RFoot 0.2800 
skin 593 RThigh 0.1200 RLeg 0.5900 RFoot 0.2900 
skin 594 RThigh 0.1200 RLeg 0.5900 RFoot 0.2900 
skin 595 RThigh 0.1100 RLeg 0.6000 RFoot 0.2900 
skin 596 RThigh 0.1100 RLeg 0.6000 RFoot 0.2900 
skin 597 RThigh 0.0100 RLeg 0.2100 RFoot 0.7800 
skin 598 RThigh 0.0100 RLeg 0.2100 RFoot 0.7800 
skin 599 RThigh 0.0100 RLeg 0.2100 RFoot 0.7800 
skin 600 RThigh 0.0100 RLeg 0.2100 RFoot 0.7800 
skin 601 RThigh 0.0100 RLeg 0.2100 RFoot 0.7800 
skin 602 RThigh 0.0100 RLeg 0.2100 RFoot 0.7800 
skin 603 RThigh 0.0100 RLeg 0.2100 RFoot 0.7800 
skin 604 RThigh 0.0100 RLeg 0.2100 RFoot 0.7800 
skin 605 RThigh 0.1000 RLeg 0.6100 RFoot 0.2900 
skin 606 RThigh 0.0100 RLeg 0.2100 RFoot 0.7800 
skin 607 Waist 0.0100 RThigh 0.1800 RLeg 0.6900 RFoot 0.1200 
skin 608 RThigh 0.1000 RLeg 0.6000 RFoot 0.3000 
skin 609 RLeg 0.2100 RFoot 0.7900 
skin 610 Waist 0.0600 RThigh 0.2500 RLeg 0.6400 RFoot 0.0500 
skin 611 RThigh 0.1800 RLeg 0.6900 RFoot 0.1300 
skin 612 RThigh 0.1000 RLeg 0.6100 RFoot 0.2900 
skin 613 RThigh 0.1800 RLeg 0.6900 RFoot 0.1300 
skin 614 RLeg 0.2100 RFoot 0.7900 
skin 615 RLeg 0.0800 RFoot 0.9200 
skin 616 RLeg 0.0800 RFoot 0.9200 
skin 617 RLeg 0.0200 RFoot 0.9800 
skin 618 RLeg 0.0200 RFoot 0.9800 
skin 619 RLeg 0.0800 RFoot 0.9200 
skin 620 RLeg 0.0200 RFoot 0.9800 
skin 621 RLeg 0.0800 RFoot 0.9200 
skin 622 RFoot 1.0000 
skin 623 RFoot 1.0000 
skin 624 RFoot 1.0000 
skin 625 RLeg 0.0200 RFoot 0.9800 
skin 626 RLeg 0.0800 RFoot 0.9200 
skin 627 RLeg 0.0200 RFoot 0.9800 
skin 628 RFoot 1.0000 
skin 629 RLeg 0.0200 RFoot 0.9800 
skin 630 RFoot 1.0000 
skin 631 RLeg 0.0800 RFoot 0.9200 
skin 632 RLeg 0.0200 RFoot 0.9800 
skin 633 RLeg 0.0800 RFoot 0.9200 
skin 634 RFoot 1.0000 
skin 635 RLeg 0.0200 RFoot 0.9800 
skin 636 RFoot 1.0000 
skin 637 RFoot 1.0000 
skin 638 RLeg 0.0800 RFoot 0.9200 
skin 639 RLeg 0.0200 RFoot 0.9800 
skin 640 RFoot 1.0000 
skin 641 RLeg 0.0800 RFoot 0.9200 
skin 642 RLeg 0.0700 RFoot 0.9300 
skin 643 RLeg 0.0200 RFoot 0.9800 
skin 644 RLeg 0.0700 RFoot 0.9300 
skin 645 RLeg 0.0200 RFoot 0.9800 
skin 646 RFoot 1.0000 
skin 647 RLeg 0.0500 RFoot 0.9500 
skin 648 RLeg 0.0100 RFoot 0.9900 
skin 649 RFoot 1.0000 
skin 650 RLeg 0.0600 RFoot 0.9000 RToe 0.0400 
skin 651 RLeg 0.0100 RFoot 0.7900 RToe 0.2000 
skin 652 RFoot 0.8000 RToe 0.2000 
skin 653 RFoot 0.8000 RToe 0.2000 
skin 654 RLeg 0.0100 RFoot 0.7900 RToe 0.2000 
skin 655 RFoot 0.2200 RToe 0.7800 
skin 656 RFoot 0.2200 RToe 0.7800 
skin 657 RFoot 0.2200 RToe 0.7800 
skin 658 RLeg 0.0600 RFoot 0.9000 RToe 0.0400 
skin 659 RLeg 0.0100 RFoot 0.7900 RToe 0.2000 
skin 660 RFoot 0.2200 RToe 0.7800 
skin 661 RFoot 0.0600 RToe 0.9400 
skin 662 RFoot 0.0600 RToe 0.9400 
skin 663 RFoot 0.0600 RToe 0.9400 
skin 664 RToe 1.0000 
skin 665 RLeg 0.0600 RFoot 0.9000 RToe 0.0400 
skin 666 RLeg 0.0100 RFoot 0.7900 RToe 0.2000 
skin 667 RLeg 0.0600 RFoot 0.9000 RToe 0.0400 
skin 668 RFoot 0.2200 RToe 0.7800 
skin 669 RFoot 0.2200 RToe 0.7800 
skin 670 RLeg 0.0100 RFoot 0.7900 RToe 0.2000 
skin 671 RFoot 0.0600 RToe 0.9400 
skin 672 RToe 1.0000 
skin 673 RToe 1.0000 
skin 674 RToe 1.0000 
skin 675 RToe 1.0000 
skin 676 RToe 1.0000 
skin 677 RToe 1.0000 
skin 678 RToe 1.0000 
skin 679 RToe 1.0000 
skin 680 RToe 1.0000 
skin 681 RFoot 0.0500 RToe 0.9500 
skin 682 RFoot 0.0600 RToe 0.9400 
skin 683 RFoot 0.2200 RToe 0.7800 
skin 684 RLeg 0.0100 RFoot 0.7900 RToe 0.2000 
skin 685 RLeg 0.0600 RFoot 0.9000 RToe 0.0400 
skin 686 RFoot 0.0600 RToe 0.9400 
skin 687 RToe 1.0000 
skin 688 RToe 1.0000 
skin 689 RToe 1.0000 
skin 690 RToe 1.0000 
skin 691 RToe 1.0000 
skin 692 RFoot 0.0500 RToe 0.9500 
skin 693 RToe 1.0000 
skin 694 RToe 1.0000 
skin 695 RToe 1.0000 
skin 696 RToe 1.0000 
skin 697 RToe 1.0000 
skin 698 RFoot 0.0600 RToe 0.9400 
skin 699 RToe 1.0000 
skin 700 RFoot 0.2200 RToe 0.7800 
skin 701 RLeg 0.0100 RFoot 0.7900 RToe 0.2000 
skin 702 RFoot 0.0600 RToe 0.9400 
skin 703 RFoot 0.2200 RToe 0.7800 
skin 704 RToe 1.0000 
skin 705 RToe 1.0000 
skin 706 RToe 1.0000 
skin 707 RToe 1.0000 
skin 708 RToe 1.0000 
skin 709 RToe 1.0000 
skin 710 RToe 1.0000 
skin 711 RToe 1.0000 
skin 712 RFoot 0.0600 RToe 0.9400 
skin 713 RFoot 0.0600 RToe 0.9400 
skin 714 RFoot 0.2200 RToe 0.7800 
skin 715 RFoot 0.8000 RToe 0.2000 
skin 716 RFoot 0.0600 RToe 0.9400 
skin 717 RFoot 0.2200 RToe 0.7800 
skin 718 RFoot 0.8000 RToe 0.2000 
skin 719 RFoot 1.0000 
skin 720 RLeg 0.0100 RFoot 0.9900 
skin 721 RFoot 1.0000 
skin 722 RLeg 0.0500 RFoot 0.9500 
skin 723 RLeg 0.0200 RFoot 0.9800 
skin 724 RFoot 1.0000 
skin 725 RLeg 0.0700 RFoot 0.9300 
skin 726 RLeg 0.0200 RFoot 0.9800 
skin 727 RLeg 0.0700 RFoot 0.9300 
skin 728 RLeg 0.0200 RFoot 0.9800 
skin 729 RFoot 1.0000 
skin 730 RLeg 0.0800 RFoot 0.9200 
skin 731 RLeg 0.0800 RFoot 0.9200 
skin 732 RLeg 0.0200 RFoot 0.9800 
skin 733 RFoot 1.0000 
skin 734 RFoot 1.0000 
skin 735 LFoot 0.0600 LToe 0.9400 
skin 736 LFoot 0.2200 LToe 0.7800 
skin 737 LFoot 0.2200 LToe 0.7800 
skin 738 LFoot 0.8000 LToe 0.2000 
skin 739 LFoot 0.8000 LToe 0.2000 
skin 740 LFoot 1.0000 
skin 741 LFoot 0.0200 LToe 0.9800 
skin 742 LFoot 0.2200 LToe 0.7800 
skin 743 LFoot 0.2200 LToe 0.7800 
skin 744 LFoot 0.8000 LToe 0.2000 
skin 745 LFoot 1.0000 
skin 746 LFoot 1.0000 
skin 747 LFoot 1.0000 
skin 748 LFoot 0.8000 LToe 0.2000 
skin 749 LFoot 1.0000 
skin 750 LFoot 1.0000 
skin 751 LFoot 1.0000 
skin 752 LFoot 1.0000 
skin 753 LFoot 1.0000 
skin 754 LFoot 1.0000 
skin 755 LFoot 0.0600 LToe 0.9400 
skin 756 LFoot 0.2200 LToe 0.7800 
skin 757 LFoot 0.8000 LToe 0.2000 
skin 758 LFoot 1.0000 
skin 759 LFoot 1.0000 
skin 760 LFoot 1.0000 
skin 761 LFoot 1.0000 
skin 762 LFoot 1.0000 
skin 763 LFoot 1.0000 
skin 764 LFoot 1.0000 
skin 765 LFoot 1.0000 
skin 766 LFoot 1.0000 
skin 767 LFoot 1.0000 
skin 768 LFoot 1.0000 
skin 769 LFoot 1.0000 
skin 770 LFoot 1.0000 
skin 771 LFoot 1.0000 
skin 772 LFoot 1.0000 
skin 773 RFoot 0.0600 RToe 0.9400 
skin 774 RFoot 0.2200 RToe 0.7800 
skin 775 RFoot 0.2200 RToe 0.7800 
skin 776 RFoot 0.8000 RToe 0.2000 
skin 777 RFoot 0.8000 RToe 0.2000 
skin 778 RFoot 1.0000 
skin 779 RFoot 0.0200 RToe 0.9800 
skin 780 RFoot 0.2200 RToe 0.7800 
skin 781 RFoot 0.2200 RToe 0.7800 
skin 782 RFoot 0.8000 RToe 0.2000 
skin 783 RFoot 1.0000 
skin 784 RFoot 1.0000 
skin 785 RFoot 1.0000 
skin 786 RFoot 0.8000 RToe 0.2000 
skin 787 RFoot 1.0000 
skin 788 RFoot 1.0000 
skin 789 RFoot 1.0000 
skin 790 RFoot 1.0000 
skin 791 RFoot 1.0000 
skin 792 RFoot 1.0000 
skin 793 RFoot 0.0600 RToe 0.9400 
skin 794 RFoot 0.2200 RToe 0.7800 
skin 795 RFoot 0.8000 RToe 0.2000 
skin 796 RFoot 1.0000 
skin 797 RFoot 1.0000 
skin 798 RFoot 1.0000 
skin 799 RFoot 1.0000 
skin 800 RFoot 1.0000 
skin 801 RFoot 1.0000 
skin 802 RFoot 1.0000 
skin 803 RFoot 1.0000 
skin 804 RFoot 1.0000 
skin 805 RFoot 1.0000 
skin 806 RFoot 1.0000 
skin 807 RFoot 1.0000 
skin 808 RFoot 1.0000 
skin 809 RFoot 1.0000 
skin 810 RFoot 1.0000 
skin 811 Waist 0.0500 Spine2 0.4600 RShoulder 0.3500 RArm 0.1400 
skin 812 Spine2 0.2700 RShoulder 0.4400 RArm 0.2900 
skin 813 Waist 0.0500 Spine2 0.3900 RShoulder 0.4000 RArm 0.1600 
skin 814 Waist 0.0200 Spine2 0.2000 RShoulder 0.4100 RArm 0.3700 
skin 815 Spine2 0.0800 RShoulder 0.2200 RArm 0.4800 RForeArm 0.2200 
skin 816 Waist 0.0600 Spine2 0.3700 RShoulder 0.3600 RArm 0.2100 
skin 817 Spine2 0.0800 RShoulder 0.1700 RArm 0.5400 RForeArm 0.2100 
skin 818 RShoulder 0.1100 RArm 0.3300 RForeArm 0.5600 
skin 819 Spine2 0.1900 RShoulder 0.3300 RArm 0.4800 
skin 820 Spine2 0.3600 RShoulder 0.4100 RArm 0.2300 
skin 821 RShoulder 0.0900 RArm 0.3300 RForeArm 0.5800 
skin 822 RShoulder 0.0300 RArm 0.1300 RForeArm 0.7900 RHand 0.0500 
skin 823 Spine2 0.0600 RShoulder 0.1700 RArm 0.5700 RForeArm 0.2000 
skin 824 Spine2 0.1500 RShoulder 0.2900 RArm 0.5600 
skin 825 Spine2 0.3500 RShoulder 0.3800 RArm 0.2700 
skin 826 RShoulder 0.0200 RArm 0.1300 RForeArm 0.8000 RHand 0.0500 
skin 827 RShoulder 0.0800 RArm 0.3500 RForeArm 0.5700 
skin 828 Spine2 0.0400 RShoulder 0.1500 RArm 0.6000 RForeArm 0.2100 
skin 829 Spine2 0.1400 RShoulder 0.1900 RArm 0.6700 
skin 830 Spine2 0.3600 Head 0.1400 RShoulder 0.1800 RArm 0.3200 
skin 831 RArm 0.0300 RForeArm 0.7700 RHand 0.2000 
skin 832 RArm 0.0300 RForeArm 0.7600 RHand 0.2100 
skin 833 RShoulder 0.0200 RArm 0.1500 RForeArm 0.8300 
skin 834 RShoulder 0.0600 RArm 0.3700 RForeArm 0.5700 
skin 835 Spine2 0.0400 RShoulder 0.1000 RArm 0.6500 RForeArm 0.2100 
skin 836 Spine2 0.1400 Head 0.0600 RShoulder 0.1100 RArm 0.6900 
skin 837 Spine2 0.2600 Head 0.2500 RShoulder 0.2300 RArm 0.2600 
skin 838 RForeArm 0.4700 RHand 0.5300 
skin 839 RForeArm 0.4700 RHand 0.5300 
skin 840 RForeArm 0.2100 RHand 0.7900 
skin 841 RArm 0.0300 RForeArm 0.7700 RHand 0.2000 
skin 842 RShoulder 0.0200 RArm 0.1500 RForeArm 0.7900 RHand 0.0400 
skin 843 RShoulder 0.0400 RArm 0.4000 RForeArm 0.5600 
skin 844 Spine2 0.0800 RShoulder 0.0300 RArm 0.6800 RForeArm 0.2100 
skin 845 Spine2 0.2400 Head 0.0800 RShoulder 0.0800 RArm 0.6000 
skin 846 RForeArm 0.4700 RHand 0.5300 
skin 847 RArm 0.0300 RForeArm 0.7700 RHand 0.2000 
skin 848 RShoulder 0.0100 RArm 0.1600 RForeArm 0.8000 RHand 0.0300 
skin 849 RShoulder 0.0300 RArm 0.4000 RForeArm 0.5700 
skin 850 Spine2 0.0800 RShoulder 0.0400 RArm 0.6700 RForeArm 0.2100 
skin 851 Spine2 0.2800 Head 0.1100 RShoulder 0.0600 RArm 0.5500 
skin 852 Spine2 0.2300 Head 0.3100 RShoulder 0.1900 RArm 0.2700 
skin 853 RForeArm 0.2100 RHand 0.7900 
skin 854 RForeArm 0.0600 RHand 0.9400 
skin 855 RForeArm 0.2100 RHand 0.7900 
skin 856 RForeArm 0.4700 RHand 0.5300 
skin 857 RArm 0.0300 RForeArm 0.7600 RHand 0.2100 
skin 858 RArm 0.1600 RForeArm 0.7900 RHand 0.0500 
skin 859 RShoulder 0.0300 RArm 0.4100 RForeArm 0.5600 
skin 860 Spine2 0.0800 RShoulder 0.0600 RArm 0.6500 RForeArm 0.2100 
skin 861 RForeArm 0.0600 RHand 0.9400 
skin 862 RForeArm 0.0100 RHand 0.9900 
skin 863 RForeArm 0.0600 RHand 0.9400 
skin 864 RForeArm 0.2100 RHand 0.7900 
skin 865 RForeArm 0.4700 RHand 0.5300 
skin 866 RArm 0.0400 RForeArm 0.7600 RHand 0.2000 
skin 867 RArm 0.1600 RForeArm 0.7900 RHand 0.0500 
skin 868 RShoulder 0.0200 RArm 0.4100 RForeArm 0.5700 
skin 869 Spine2 0.0800 RShoulder 0.0700 RArm 0.6500 RForeArm 0.2000 
skin 870 Spine2 0.2400 Head 0.1400 RShoulder 0.1200 RArm 0.5000 
skin 871 Spine2 0.3800 Head 0.2000 RShoulder 0.1700 RArm 0.2500 
skin 872 RForeArm 0.0100 RHand 0.9900 
skin 873 RForeArm 0.0100 RHand 0.9900 
skin 874 RForeArm 0.0600 RHand 0.9400 
skin 875 RForeArm 0.2100 RHand 0.7900 
skin 876 RForeArm 0.0100 RHand 0.9900 
skin 877 RForeArm 0.0600 RHand 0.9400 
skin 878 RForeArm 0.4500 RHand 0.5500 
skin 879 RForeArm 0.2000 RHand 0.8000 
skin 880 RArm 0.0400 RForeArm 0.7400 RHand 0.2200 
skin 881 RForeArm 0.3900 RHand 0.6100 
skin 882 RArm 0.1600 RForeArm 0.7900 RHand 0.0500 
skin 883 RArm 0.0400 RForeArm 0.7500 RHand 0.2100 
skin 884 RShoulder 0.0300 RArm 0.4100 RForeArm 0.5600 
skin 885 RArm 0.1600 RForeArm 0.7900 RHand 0.0500 
